"ID" "chromosome" "_probePairKey" "position"	
79 1 11379_at_x14 7292	
79 1 11379_at_x13 7298	
79 1 11379_at_x12 7358	
79 1 11379_at_x11 7400	
79 1 11379_at_x10 7472	
79 1 11379_at_x09 7478	
79 1 11379_at_x07 7490	
79 1 11379_at_x06 7532	
79 1 11379_at_x05 7544	
79 1 11379_at_x04 7574	
79 1 11379_at_x02 7640	
79 1 11379_at_x01 7652	
79 1 11379_at_x00 7712	
78 1 11380_at_x00 10131	
78 1 11380_at_x01 10134	
78 1 11380_at_x02 10143	
78 1 11380_at_x03 10146	
78 1 11380_at_x04 10152	
78 1 11380_at_x05 10236	
78 1 11380_at_x06 10239	
78 1 11380_at_x10 10284	
78 1 11380_at_x11 10296	
78 1 11380_at_x12 10302	
78 1 11380_at_x15 10386	
77 1 11381_at_x14 11582	
77 1 11381_at_x13 11586	
77 1 11381_at_x12 11588	
77 1 11381_at_x11 11616	
77 1 11381_at_x08 11626	
77 1 11381_at_x07 11628	
77 1 11381_at_x06 11630	
77 1 11381_at_x05 11632	
77 1 11381_at_x04 11638	
77 1 11381_at_x03 11640	
77 1 11381_at_x02 11642	
75 1 11382_at_x02 21628	
69 1 11389_at_x04 36900	
69 1 11389_at_x09 37068	
66 1 11392_at_x03 41483	
64 1 11393_at_x00 42255	
64 1 11393_at_x06 42489	
64 1 11393_at_x10 42591	
64 1 11393_at_x12 42633	
64 1 11393_at_x13 42639	
61 1 11358_at_x01 51324	
59 1 11360_at_x14 52859	
59 1 11360_at_x11 52943	
57 1 11361_at_x10 55215	
57 1 11361_at_x09 55221	
57 1 11361_at_x03 55329	
45 1 11372_at_x08 74577	
32 1 3157_at_x05 89879	
31 1 11339_at_x14 94468	
11 1 11310_at_x01 133611	
10 1 11311_at_x03 134580	
10 1 11311_at_x00 134652	
9 1 11312_at_x00 136161	
5 1 11318_at_x06 141181	
6 1 11318_at_x06 141181	
5 1 11318_at_x07 141187	
6 1 11318_at_x07 141187	
81 1 11325_at_x05 154328	
93 1 11289_at_x04 184243	
93 1 11289_at_x14 184405	
94 1 11290_at_x00 185122	
95 1 11291_at_x12 186488	
97 1 11293_at_x04 187268	
97 1 11293_at_x05 187272	
97 1 11294_g_at_x00 187402	
97 1 11294_g_at_x01 187519	
97 1 11294_g_at_x03 187544	
97 1 11294_g_at_x08 187602	
97 1 11294_g_at_x09 187607	
97 1 11294_g_at_x11 187640	
99 1 11297_at_x12 192130	
100 1 11298_at_x10 193251	
102 1 11300_at_x15 201472	
102 1 11300_at_x14 201475	
102 1 11300_at_x08 201508	
102 1 11300_at_x07 201511	
102 1 11300_at_x06 201520	
102 1 11300_at_x05 201595	
102 1 11300_at_x04 201604	
102 1 11300_at_x03 201640	
102 1 11300_at_x02 201643	
102 1 11300_at_x01 201703	
104 1 11302_at_x00 208493	
104 1 11302_at_x01 208497	
115 1 11264_f_at_x09 229090	
115 1 11264_f_at_x11 229140	
230 2 7481_at_x13 14291	
213 2 7452_at_x15 50915	
204 2 7462_at_x04 73342	
203 2 2449_s_at_x03 76948	
197 2 7424_at_x08 87845	
164 2 7410_at_x11 138480	
164 2 7410_at_x09 138498	
164 2 7410_at_x05 138648	
162 2 7412_at_x14 142262	
157 2 7417_at_x03 151674	
157 2 7417_at_x02 151686	
153 2 7374_at_x08 162382	
152 2 7375_at_x15 163042	
152 2 7375_at_x14 163048	
152 2 7375_at_x08 163240	
144 2 7384_at_x03 175071	
141 2 7387_at_x06 183768	
140 2 7388_at_x02 185438	
140 2 7388_at_x03 185450	
139 2 7389_at_x15 186131	
139 2 7389_at_x02 186293	
138 2 2453_at_x03 188709	
138 2 2455_at_x06 191171	
135 2 7393_at_x15 199101	
135 2 7393_at_x14 199107	
131 2 7397_at_x07 206323	
130 2 7352_at_x05 208872	
128 2 7354_at_x10 212770	
128 2 7354_at_x06 212842	
127 2 7355_at_x02 216978	
125 2 2468_s_at_x00 233376	
125 2 7357_at_x08 234820	
125 2 7357_at_x09 234826	
244 2 7365_at_x03 246129	
244 2 7365_at_x04 246135	
247 2 7367_at_x15 252538	
247 2 7367_at_x13 252550	
247 2 7367_at_x10 252640	
271 2 7346_at_x10 301671	
276 2 7351_at_x00 310928	
284 2 7313_at_x09 328489	
293 2 7322_at_x11 343931	
297 2 7325_at_x10 352257	
302 2 7284_at_x12 364851	
304 2 7287_at_x11 368060	
305 2 7287_at_x11 368060	
306 2 7288_at_x00 368991	
308 2 7290_at_x01 372509	
310 2 7292_at_x13 376668	
310 2 7292_at_x05 376872	
312 2 7294_at_x13 380926	
312 2 7294_at_x14 380932	
312 2 7294_at_x15 380938	
313 2 7295_at_x14 382536	
316 2 7298_at_x05 388862	
318 2 7300_at_x14 391856	
318 2 7300_at_x03 392138	
322 2 7305_at_x01 401568	
323 2 7260_at_x08 406888	
329 2 7264_at_x08 420366	
329 2 7264_at_x03 420528	
330 2 7265_at_x05 424450	
334 2 7271_at_x04 426887	
336 2 7273_at_x15 427674	
336 2 7273_at_x14 427675	
336 2 7273_at_x13 427676	
336 2 7273_at_x12 427677	
336 2 7273_at_x11 427678	
336 2 7273_at_x07 427683	
365 2 7255_at_x06 480009	
365 2 7255_at_x07 480015	
367 2 7257_at_x09 481439	
369 2 7215_at_x08 486640	
370 2 7215_at_x08 486640	
372 2 7217_at_x04 489202	
378 2 7222_at_x09 499012	
379 2 7223_at_x07 499889	
379 2 7223_at_x06 499895	
383 2 2472_s_at_x03 506661	
383 2 2473_s_at_x00 507282	
383 2 2473_s_at_x02 507428	
383 2 2474_s_at_x05 508843	
384 2 7228_at_x11 513408	
385 2 7229_at_x06 514035	
386 2 7230_at_x06 516889	
386 2 7230_at_x14 517123	
387 2 7231_at_x15 517365	
387 2 2479_at_x01 519049	
387 2 2481_at_x04 521415	
389 2 7233_at_x15 530481	
391 2 7235_at_x13 533262	
391 2 7235_at_x12 533268	
394 2 7193_at_x10 537314	
401 2 7200_at_x13 548401	
403 2 7202_at_x08 551299	
408 2 7207_at_x04 562409	
408 2 7207_at_x05 562415	
410 2 7209_at_x03 565216	
411 2 7210_at_x08 567221	
413 2 7212_at_x06 569414	
413 2 7212_at_x07 569420	
414 2 7213_at_x01 570229	
416 2 7170_at_x13 573491	
420 2 7174_at_x02 579459	
422 2 7176_at_x09 582419	
423 2 7176_at_x09 582419	
424 2 7178_at_x07 584351	
424 2 7178_at_x08 584357	
434 2 7187_at_x14 602012	
436 2 7189_at_x08 603790	
441 2 7148_at_x01 608310	
442 2 7149_at_x15 609055	
445 2 7152_at_x15 612245	
447 2 7154_at_x11 616262	
447 2 7154_at_x07 616334	
447 2 7154_at_x02 616490	
448 2 7155_at_x05 620056	
448 2 7155_at_x06 620068	
451 2 7157_at_x12 628224	
456 2 7163_at_x07 636332	
457 2 7164_at_x02 636958	
467 2 7128_at_x11 658746	
467 2 7128_at_x11 658746	
470 2 7132_at_x02 667083	
470 2 7132_at_x01 667125	
473 2 7135_at_x15 673274	
474 2 7135_at_x15 673274	
474 2 7136_at_x05 673356	
476 2 7138_at_x10 676070	
477 2 7139_at_x15 676336	
477 2 7139_at_x09 676402	
477 2 7139_at_x06 676540	
478 2 7140_at_x13 679703	
498 2 7114_at_x13 716885	
509 2 7079_at_x07 732086	
509 2 7079_at_x08 732092	
513 2 7083_at_x10 737531	
517 2 7039_at_x05 739849	
521 2 7089_at_x04 745748	
522 2 7090_at_x10 746476	
522 2 7090_at_x04 746578	
524 2 7092_at_x08 750838	
525 2 2428_at_x04 754059	
527 2 7096_at_x01 760429	
528 2 7096_at_x01 760429	
533 2 7101_at_x08 769107	
534 2 7057_at_x03 773156	
612 3 6960_at_x06 14066	
596 3 6929_at_x07 43867	
596 3 6929_at_x06 43879	
588 3 6893_at_x00 54436	
581 3 6900_at_x13 64311	
574 3 6906_at_x06 75021	
571 3 6908_at_x10 79091	
572 3 6802_at_x12 81832	
569 3 2437_s_at_x06 91468	
569 3 2437_s_at_x07 91496	
569 3 6909_at_x00 91977	
569 3 6909_at_x03 92013	
569 3 6909_at_x05 92127	
569 3 6909_at_x06 92151	
569 3 6909_at_x07 92157	
569 3 6909_at_x08 92199	
569 3 6909_at_x09 92241	
569 3 6909_at_x10 92247	
569 3 6909_at_x11 92277	
569 3 6909_at_x12 92337	
569 3 6909_at_x15 92391	
566 3 6912_at_x09 100213	
563 3 6871_at_x02 105042	
654 3 6768_at_x07 175799	
654 3 6768_at_x06 175802	
654 3 6768_at_x05 175808	
655 3 2438_at_x03 177850	
666 3 6829_at_x01 201166	
666 3 6829_at_x02 201167	
671 3 6834_at_x15 209932	
672 3 6835_at_x15 210748	
685 3 6804_at_x14 228125	
691 3 6812_at_x10 240265	
691 3 6812_at_x07 240331	
699 3 6820_at_x05 258267	
699 3 6820_at_x06 258303	
701 3 6822_at_x02 259721	
705 3 6782_at_x12 264124	
706 3 6782_at_x12 264124	
705 3 6782_at_x08 264274	
706 3 6782_at_x08 264274	
720 3 6795_at_x08 301446	
998 4 6710_at_x08 17718	
990 4 6717_at_x15 33214	
982 4 6724_at_x13 45364	
983 4 6724_at_x13 45364	
981 4 6725_at_x14 46292	
981 4 6725_at_x13 46310	
981 4 6725_at_x12 46316	
981 4 6725_at_x11 46322	
981 4 6725_at_x10 46328	
981 4 6725_at_x09 46370	
981 4 6725_at_x08 46436	
981 4 6725_at_x07 46442	
981 4 6725_at_x06 46448	
981 4 6725_at_x05 46466	
981 4 6725_at_x04 46478	
981 4 6725_at_x03 46508	
981 4 6725_at_x02 46568	
981 4 6725_at_x01 46616	
974 4 6687_at_x14 62319	
975 4 6687_at_x14 62319	
974 4 6687_at_x13 62325	
975 4 6687_at_x13 62325	
971 4 6691_at_x12 68082	
970 4 6692_at_x05 69264	
969 4 6693_at_x07 70901	
968 4 6694_at_x04 74695	
968 4 6694_at_x03 74707	
966 4 6696_at_x00 78583	
965 4 6697_at_x14 79321	
965 4 6697_at_x07 79381	
965 4 6697_at_x06 79393	
964 4 6698_at_x08 85846	
964 4 6698_at_x09 85852	
961 4 6701_at_x14 89821	
958 4 6704_at_x04 95437	
958 4 6704_at_x07 95527	
957 4 6705_at_x09 96259	
957 4 6705_at_x08 96271	
954 4 6663_at_x04 100720	
950 4 6667_at_x06 106892	
948 4 6669_at_x14 114155	
947 4 6670_at_x08 115570	
943 4 6674_at_x11 122293	
931 4 6685_at_x14 137412	
930 4 6641_at_x02 138850	
928 4 6643_at_x15 141248	
928 4 6643_at_x06 141500	
928 4 6643_at_x01 141608	
927 4 6644_at_x01 143910	
922 4 2413_at_x00 150743	
922 4 2416_at_x04 154436	
922 4 2417_at_x06 155454	
918 4 6653_at_x11 161196	
916 4 6655_at_x03 164444	
915 4 6656_at_x15 165026	
915 4 6656_at_x14 165032	
905 4 6620_at_x15 178037	
902 4 6623_at_x08 183009	
903 4 6623_at_x08 183009	
902 4 6623_at_x09 183015	
903 4 6623_at_x09 183015	
900 4 6624_at_x01 183753	
901 4 6624_at_x01 183753	
900 4 6624_at_x00 183759	
901 4 6624_at_x00 183759	
900 4 6625_at_x00 184214	
899 4 6626_at_x11 187791	
898 4 6627_at_x08 188469	
897 4 6628_at_x15 192248	
893 4 6632_at_x05 201395	
889 4 6636_at_x07 211612	
885 4 6639_at_x02 219120	
885 4 6639_at_x01 219126	
883 4 6595_at_x02 223324	
881 4 6596_at_x01 226317	
867 4 6612_at_x15 246738	
865 4 6614_at_x06 251013	
864 4 6615_at_x01 253395	
859 4 6574_at_x01 262796	
858 4 6575_at_x00 263770	
851 4 6582_at_x05 273840	
851 4 6582_at_x04 273846	
850 4 6583_at_x15 275191	
849 4 6584_at_x03 279790	
848 4 6585_at_x00 280692	
847 4 6586_at_x15 282149	
844 4 6589_at_x13 285470	
841 4 6592_at_x14 289639	
836 4 6552_at_x04 297977	
832 4 6556_at_x08 304683	
755 4 6496_at_x06 432483	
756 4 6496_at_x06 432483	
754 4 6498_at_x07 433094	
753 4 6499_at_x04 433589	
753 4 6499_at_x08 433697	
750 4 6502_at_x12 441060	
748 4 6459_at_x03 445993	
748 4 6459_at_x11 446125	
747 4 6460_at_x05 447343	
747 4 6460_at_x04 447355	
1005 4 6462_at_x15 450230	
1014 4 6471_at_x08 465157	
1014 4 6471_at_x00 465337	
1019 4 6476_at_x03 478080	
1038 4 6448_at_x15 509811	
1038 4 6448_at_x14 509817	
1044 4 6453_at_x15 527445	
1044 4 6453_at_x14 527455	
1044 4 6453_at_x13 527457	
1044 4 6453_at_x12 527458	
1044 4 6453_at_x11 527460	
1044 4 6453_at_x10 527461	
1044 4 6453_at_x09 527463	
1044 4 6453_at_x08 527484	
1044 4 6453_at_x07 527496	
1044 4 6453_at_x06 527499	
1044 4 6453_at_x05 527508	
1044 4 6453_at_x04 527509	
1044 4 6453_at_x03 527511	
1044 4 6453_at_x02 527512	
1044 4 6453_at_x01 527514	
1044 4 6453_at_x00 527517	
1055 4 6418_at_x13 555043	
1064 4 6427_at_x03 568122	
1065 4 6428_at_x12 569429	
1066 4 6429_at_x02 573400	
1070 4 6433_at_x13 579813	
1072 4 6435_at_x09 582121	
1072 4 6435_at_x08 582127	
1072 4 6435_at_x06 582139	
1072 4 6435_at_x04 582211	
1140 4 6323_at_x15 720990	
1142 4 6325_at_x10 723155	
1146 4 6329_at_x08 733875	
1151 4 6335_at_x13 744330	
1151 4 6335_at_x09 744522	
1171 4 6310_at_x14 782114	
1185 4 6279_at_x10 818354	
1188 4 6282_at_x03 825418	
1200 4 6294_at_x12 843659	
1214 4 6263_at_x09 864542	
1238 4 6242_at_x13 926394	
1239 4 6242_at_x13 926394	
1240 4 6243_at_x06 928745	
1241 4 6244_at_x05 929769	
1241 4 6244_at_x00 929895	
1243 4 6246_at_x13 935079	
1259 4 6216_at_x02 962693	
1259 4 6216_at_x14 962969	
1260 4 6217_at_x08 963733	
1260 4 6217_at_x10 963769	
1267 4 6224_at_x00 975086	
1297 4 6164_at_x00 1039379	
1298 4 6164_at_x00 1039379	
1326 4 6149_at_x15 1104919	
1327 4 6150_at_x06 1105243	
1330 4 6152_at_x13 1109729	
1345 4 6121_at_x01 1144476	
1361 4 6137_at_x10 1181160	
1364 4 6095_at_x06 1185630	
1366 4 6097_at_x14 1188862	
1378 4 6109_at_x15 1213416	
1396 4 6081_at_x10 1240155	
1396 4 6081_at_x06 1240245	
1414 4 6053_at_x12 1272737	
1415 4 6053_at_x12 1272737	
1418 4 6056_at_x14 1278400	
1422 4 6060_at_x01 1291675	
1433 4 2334_s_at_x03 1310380	
1436 4 6029_at_x13 1318073	
1438 4 6031_at_x02 1321550	
1454 4 6048_at_x15 1344550	
1454 4 6048_at_x08 1344670	
1483 4 5984_at_x08 1400033	
1487 4 5988_at_x06 1407833	
1488 4 5989_at_x07 1409829	
1494 4 5995_at_x12 1418647	
1509 4 5965_at_x13 1441486	
1510 4 5966_at_x12 1443904	
1510 4 5966_at_x11 1443910	
1516 4 5972_at_x14 1455131	
1516 4 5972_at_x01 1455509	
1518 4 5974_at_x13 1456748	
1521 4 5978_at_x03 1468373	
1522 4 5978_at_x03 1468373	
1526 4 5937_at_x09 1471224	
1526 4 5937_at_x10 1471260	
1527 4 5938_at_x04 1471859	
1528 4 5939_at_x03 1474479	
1528 4 5939_at_x04 1474482	
1528 4 5939_at_x05 1474485	
1528 4 5939_at_x08 1474566	
1528 4 5939_at_x12 1474677	
1528 4 5939_at_x13 1474686	
1535 4 5946_at_x00 1484268	
1537 4 5925_at_x15 1488917	
1542 4 5950_at_x13 1491116	
1543 4 5950_at_x13 1491116	
1542 4 5950_at_x12 1491146	
1543 4 5950_at_x12 1491146	
1544 4 5952_at_x08 1495582	
1546 4 5954_at_x03 1497132	
1547 4 5955_at_x12 1499294	
1550 4 5913_at_x15 1503330	
1551 4 5914_at_x00 1507292	
1553 4 5916_at_x13 1510883	
1553 4 5917_at_x01 1511257	
1554 4 5917_at_x01 1511257	
1560 4 3357_at_x12 1525327	
1648 5 5808_i_at_x00 5393	
1648 5 5808_i_at_x01 5394	
1648 5 5808_i_at_x02 5395	
1648 5 5808_i_at_x03 5396	
1648 5 5808_i_at_x04 5397	
1648 5 5808_i_at_x05 5398	
1648 5 5808_i_at_x06 5399	
1648 5 5808_i_at_x07 5400	
1647 5 5809_i_at_x02 6335	
1644 5 5813_at_x00 17399	
1641 5 5814_at_x01 25912	
1641 5 5814_at_x00 25918	
1638 5 5769_at_x01 29073	
1637 5 5770_at_x06 30051	
1637 5 5770_at_x05 30057	
1633 5 5774_at_x04 40306	
1631 5 5775_at_x15 42414	
1631 5 5775_at_x14 42420	
1630 5 5777_at_x02 44605	
1630 5 5777_at_x03 44611	
1630 5 5777_at_x04 44617	
1630 5 5777_at_x10 44761	
1628 5 5779_at_x08 48107	
1627 5 5780_at_x10 48605	
1627 5 5780_at_x07 48665	
1627 5 5780_at_x00 48845	
1614 5 5747_at_x04 73010	
1610 5 5751_at_x15 79647	
1610 5 5751_at_x13 79653	
1597 5 5762_at_x11 99004	
1592 5 2276_at_x03 109310	
1590 5 5724_at_x00 116530	
1590 5 5724_at_x01 116554	
1590 5 5724_at_x04 116644	
1590 5 5724_at_x06 116680	
1590 5 5724_at_x07 116686	
1590 5 5724_at_x08 116716	
1590 5 5724_at_x09 116722	
1590 5 5724_at_x10 116812	
1590 5 5724_at_x11 116824	
1590 5 5724_at_x12 116830	
1660 5 5706_at_x13 166032	
1660 5 5706_at_x14 166038	
1668 5 5714_at_x03 183958	
1674 5 5719_at_x06 193876	
1674 5 5719_at_x13 194101	
1673 5 5720_at_x02 194496	
1673 5 5720_at_x01 194502	
1675 5 5721_at_x05 196190	
1675 5 5721_at_x06 196196	
1675 5 5721_at_x11 196352	
1677 5 5723_at_x06 200734	
1677 5 5723_at_x07 200740	
1677 5 5723_at_x13 200848	
1677 5 5723_at_x14 200854	
1678 5 5678_at_x00 201477	
1681 5 5681_at_x09 207819	
1683 5 5683_at_x05 210999	
1688 5 5688_at_x05 218250	
1690 5 5690_at_x09 222998	
1690 5 5690_at_x10 223004	
1692 5 5692_at_x05 226497	
1692 5 5692_at_x06 226503	
1697 5 5695_at_x09 231726	
1698 5 5696_at_x10 234629	
1703 5 5656_at_x13 240105	
1704 5 5499_at_x00 243215	
1704 5 5499_at_x01 243221	
1704 5 5499_at_x02 243299	
1704 5 5657_at_x04 243299	
1704 5 5499_at_x03 243305	
1706 5 5658_at_x15 243823	
1706 5 5658_at_x14 243829	
1706 5 5658_at_x09 243979	
1706 5 5658_at_x06 244117	
1742 5 5649_at_x12 312672	
1748 5 5653_at_x05 321618	
1748 5 5653_at_x07 321708	
1748 5 5653_at_x08 321714	
1756 5 5615_at_x14 332264	
1758 5 5615_at_x14 332264	
1759 5 5617_at_x13 333252	
1769 5 5626_at_x00 350744	
1790 5 5601_at_x14 395442	
1804 5 5569_at_x12 420595	
1807 5 2284_at_x06 426429	
1821 5 5584_at_x06 458085	
1830 5 5544_at_x08 468641	
1836 5 2298_at_x03 480051	
1837 5 5550_at_x06 483538	
1842 5 5555_at_x09 500783	
1842 5 5555_at_x08 500789	
1846 5 5558_at_x07 511793	
1850 5 5562_at_x02 525380	
1853 5 2308_at_x07 530758	
1853 5 2224_at_x00 532188	
1853 5 2227_at_x01 535290	
1856 5 5522_at_x00 538875	
1861 5 5528_at_x11 549142	
1864 5 5531_at_x15 553222	
1866 5 5533_at_x00 556725	
1867 5 5534_at_x02 560016	
1867 5 5534_at_x03 560022	
1868 5 5535_at_x11 561804	
1868 5 5535_at_x08 561864	
1871 5 5537_at_x01 568440	
1871 5 5537_at_x02 568473	
1871 5 5537_at_x03 568500	
1871 5 5537_at_x04 568536	
1871 5 5537_at_x05 568566	
1871 5 5537_at_x06 568629	
1871 5 5537_at_x07 568641	
1871 5 5537_at_x08 568650	
1871 5 5537_at_x09 568668	
1871 5 5537_at_x10 568674	
1871 5 5537_at_x11 568686	
1871 5 5537_at_x12 568698	
1871 5 5537_at_x13 568710	
1871 5 5537_at_x14 568716	
1871 5 5537_at_x15 568734	
1944 6 3326_at_x07 5152	
1944 6 3326_at_x08 5153	
1937 6 5424_at_x15 15106	
1937 6 5424_at_x00 15195	
1936 6 5425_at_x05 18384	
1936 6 5425_at_x10 18546	
1936 6 5425_at_x11 18552	
1932 6 5429_at_x02 30378	
1931 6 5430_at_x11 33334	
1931 6 5430_at_x01 33688	
1930 6 5431_at_x14 38648	
1928 6 5433_at_x10 42341	
1926 6 5435_at_x15 43666	
1926 6 5435_at_x14 43672	
1926 6 5435_at_x13 43678	
1925 6 5389_at_x12 44741	
1925 6 5389_at_x11 44753	
1925 6 5389_at_x10 44771	
1924 6 5312_s_at_x13 45766	
1919 6 5394_at_x11 57455	
1914 6 2230_at_x00 70818	
1914 6 2230_at_x02 71010	
1912 6 5318_s_at_x05 75460	
1910 6 5401_at_x10 78241	
1909 6 5402_at_x11 79482	
1908 6 5403_at_x12 80521	
1907 6 5404_at_x06 83559	
1906 6 5405_at_x07 84397	
1906 6 5405_at_x06 84403	
1899 6 5411_at_x14 100263	
1899 6 5411_at_x10 100365	
1899 6 5411_at_x09 100371	
1899 6 5411_at_x04 100521	
1895 6 5370_at_x07 104931	
1892 6 5372_at_x03 107364	
1879 6 5384_at_x08 134096	
1879 6 5384_at_x14 134252	
1950 6 5388_at_x13 149608	
1952 6 5345_at_x10 152824	
1953 6 5346_at_x05 153963	
1957 6 5350_at_x09 161065	
1960 6 5353_at_x00 167184	
1961 6 5354_at_x08 168336	
1961 6 5354_at_x09 168342	
1961 6 5354_at_x10 168354	
1964 6 5356_at_x15 172572	
1964 6 5356_at_x14 172578	
1964 6 5356_at_x13 172602	
1965 6 5357_at_x01 174552	
1966 6 5358_at_x11 177239	
1966 6 5358_at_x07 177323	
1976 6 5323_at_x14 205881	
1976 6 5323_at_x13 205893	
1976 6 5323_at_x03 206151	
1977 6 5324_at_x02 208006	
1978 6 5325_at_x05 208654	
1987 6 5334_at_x15 226146	
1987 6 5334_at_x14 226158	
1987 6 5334_at_x02 226356	
1990 6 5336_at_x09 227675	
1992 6 5338_at_x08 232259	
1992 6 5338_at_x07 232265	
1995 6 5341_at_x03 238758	
1996 6 5342_at_x05 239482	
1997 6 5343_at_x02 240336	
1998 6 5299_at_x14 242876	
2000 6 5301_at_x13 244292	
2007 6 5307_at_x14 253690	
2007 6 5307_at_x13 253696	
2007 6 5307_at_x11 253738	
2010 6 5309_at_x15 263989	
2290 7 5297_at_x09 3714	
2284 7 5254_i_at_x00 11643	
2284 7 5254_i_at_x01 11644	
2283 7 5256_at_x15 12507	
2283 7 5256_at_x07 12849	
2283 7 5256_at_x00 12939	
2282 7 5257_at_x00 15891	
2281 7 2252_g_at_x05 21177	
2281 7 2252_g_at_x07 21281	
2280 7 5259_at_x15 23129	
2268 7 5271_at_x02 44996	
2261 7 5233_at_x03 55458	
2262 7 5233_at_x03 55458	
2261 7 5233_at_x04 55464	
2262 7 5233_at_x04 55464	
2254 7 5241_at_x12 69250	
2251 7 5243_at_x06 73036	
2252 7 5244_at_x04 73452	
2252 7 5244_at_x05 73488	
2241 7 5208_at_x01 85112	
2242 7 5208_at_x01 85112	
2236 7 5214_at_x05 92848	
2236 7 5214_at_x08 92896	
2233 7 5217_at_x03 98231	
2233 7 5217_at_x07 98327	
2233 7 5217_at_x08 98333	
2232 7 5218_at_x13 101926	
2231 7 2256_at_x01 105279	
2230 7 5220_at_x02 110086	
2229 7 5221_at_x11 111785	
2226 7 5224_at_x14 117900	
2222 7 5228_at_x05 128898	
2222 7 5228_at_x15 129150	
2220 7 2263_g_at_x07 131948	
2220 7 2264_s_at_x03 132483	
2220 7 2265_s_at_x02 133293	
2220 7 2265_s_at_x05 133647	
2220 7 2180_s_at_x02 134316	
2220 7 2181_s_at_x03 135426	
2220 7 5184_at_x02 139173	
2220 7 5184_at_x09 139347	
2220 7 5184_at_x13 139383	
2220 7 5184_at_x14 139389	
2218 7 5186_at_x13 141949	
2218 7 5186_at_x12 141955	
2217 7 5187_at_x08 143756	
2217 7 5187_at_x09 143762	
2202 7 5202_at_x00 167587	
2203 7 5202_at_x00 167587	
2201 7 5204_at_x04 171769	
2198 7 2186_at_x01 177157	
2196 7 5164_at_x04 183714	
2194 7 5166_at_x10 187179	
2194 7 5166_at_x11 187185	
2193 7 5167_at_x04 187567	
2193 7 5167_at_x05 187570	
2192 7 5167_at_x09 187684	
2193 7 5167_at_x09 187684	
2189 7 5171_at_x12 192140	
2185 7 5175_at_x11 202131	
2159 7 5154_at_x15 256953	
2136 7 5131_at_x08 301131	
2135 7 5132_at_x07 301813	
2128 7 5094_at_x08 311205	
2126 7 5096_at_x10 312740	
2093 7 5084_at_x13 375499	
2094 7 5084_at_x13 375499	
2078 7 5054_at_x01 402833	
2078 7 5054_at_x02 402835	
2078 7 5054_at_x03 402841	
2078 7 5054_at_x04 402849	
2078 7 5054_at_x05 402851	
2078 7 5054_at_x06 402853	
2078 7 5054_at_x08 402871	
2078 7 5054_at_x09 402875	
2078 7 5054_at_x10 402879	
2078 7 5054_at_x11 402881	
2078 7 5054_at_x12 402883	
2078 7 5054_at_x13 402885	
2078 7 5054_at_x14 402891	
2078 7 5054_at_x15 402893	
2077 7 5055_at_x04 403512	
2077 7 5055_at_x08 403536	
2077 7 5055_at_x09 403542	
2077 7 5055_at_x12 403626	
2077 7 5055_at_x13 403632	
2077 7 5055_at_x14 403638	
2076 7 5056_at_x00 403920	
2076 7 5056_at_x01 403921	
2076 7 5056_at_x02 403922	
2076 7 5056_at_x03 403923	
2076 7 5056_at_x04 403924	
2076 7 5056_at_x05 403925	
2076 7 5056_at_x06 403926	
2073 7 5059_at_x10 410146	
2071 7 5061_at_x01 414484	
2070 7 5062_at_x11 415585	
2063 7 5024_at_x11 425445	
2062 7 5025_at_x05 427476	
2060 7 5027_at_x06 431858	
2060 7 5027_at_x05 431864	
2058 7 5029_at_x07 435864	
2049 7 5038_at_x05 449898	
2050 7 5038_at_x05 449898	
2045 7 5042_at_x13 457215	
2043 7 5044_at_x08 459354	
2042 7 5045_at_x01 460945	
2028 7 5013_at_x15 490784	
2292 7 5019_at_x05 498659	
2292 7 5019_at_x04 498665	
2293 7 5020_at_x08 502131	
2296 7 5023_at_x00 506254	
2302 7 4985_at_x15 514308	
2307 7 4990_at_x00 524216	
2312 7 4995_at_x06 529376	
2313 7 4995_at_x06 529376	
2313 7 4996_at_x03 530473	
2318 7 4956_at_x13 543259	
2322 7 4959_at_x15 553877	
2322 7 4959_at_x15 553877	
2325 7 4961_at_x09 557230	
2325 7 4961_at_x08 557236	
2341 7 4977_at_x13 592983	
2358 7 4949_at_x12 625404	
2378 7 4924_at_x10 656248	
2394 7 4894_at_x13 697537	
2394 7 4894_at_x12 697543	
2394 7 4894_at_x11 697549	
2399 7 4899_at_x00 705697	
2439 7 4848_at_x02 787743	
2439 7 4848_at_x01 787746	
2440 7 4849_at_x04 790117	
2441 7 4850_at_x02 790857	
2442 7 4852_s_at_x05 794884	
2443 7 4852_s_at_x05 794884	
2443 7 4853_at_x01 795132	
2443 7 4853_at_x00 795152	
2448 7 4858_at_x11 804945	
2449 7 4859_at_x14 805403	
2449 7 4859_at_x13 805409	
2460 7 4823_at_x00 833786	
2471 7 4834_at_x11 853749	
2471 7 4834_at_x10 853863	
2473 7 4836_at_x08 858473	
2474 7 4837_at_x12 858604	
2476 7 2142_at_x01 860467	
2476 7 2142_at_x03 860665	
2476 7 2143_at_x02 861935	
2476 7 2147_at_x01 865575	
2482 7 4800_at_x15 880301	
2482 7 4800_at_x12 880379	
2483 7 4801_at_x10 881977	
2486 7 4804_at_x15 886111	
2487 7 4805_at_x15 889602	
2492 7 4810_at_x09 900134	
2499 7 4817_at_x04 911217	
2500 7 4818_at_x05 912558	
2501 7 4774_at_x06 913059	
2501 7 4774_at_x05 913065	
2501 7 4774_at_x04 913077	
2503 7 4776_at_x05 916471	
2503 7 4776_at_x14 916675	
2514 7 4788_at_x00 940458	
2514 7 4788_at_x07 940590	
2514 7 4788_at_x12 940716	
2517 7 4791_at_x07 946196	
2519 7 4793_at_x02 948578	
2519 7 4793_at_x03 948590	
2522 7 4796_at_x03 951969	
2522 7 4796_at_x07 952041	
2522 7 4796_at_x08 952065	
2524 7 4752_at_x09 954456	
2525 7 4753_at_x15 954692	
2525 7 2158_at_x06 956838	
2539 7 4767_at_x06 985414	
2543 7 4771_at_x08 995892	
2571 7 4708_at_x08 1048152	
2573 7 4710_at_x00 1051340	
2576 7 4713_at_x06 1059187	
2579 7 4716_at_x15 1063841	
2581 7 4718_at_x02 1071420	
2582 7 4719_at_x02 1074345	
2582 7 4720_at_x04 1075580	
2583 7 4720_at_x04 1075580	
2588 7 3234_at_x15 1081936	
2588 7 3234_at_x14 1081939	
2588 7 3234_at_x13 1081945	
2588 7 3234_at_x12 1081946	
2588 7 3234_at_x11 1081948	
2588 7 3234_at_x10 1081949	
2588 7 3234_at_x09 1081951	
2588 7 3234_at_x08 1081961	
2588 7 3234_at_x07 1081963	
2588 7 3234_at_x06 1081964	
2588 7 3234_at_x05 1081966	
2588 7 3234_at_x02 1081975	
2588 7 3234_at_x01 1081976	
2588 7 3234_at_x00 1081978	
2647 8 3189_i_at_x01 6524	
2647 8 3189_i_at_x02 6525	
2647 8 3189_i_at_x05 6528	
2647 8 3189_i_at_x06 6529	
2647 8 3189_i_at_x07 6530	
2647 8 3189_i_at_x08 6531	
2647 8 3189_i_at_x10 6533	
2647 8 3189_i_at_x11 6534	
2647 8 3188_at_x01 7028	
2647 8 3188_at_x02 7029	
2647 8 3188_at_x03 7030	
2647 8 3188_at_x04 7031	
2647 8 3188_at_x05 7032	
2647 8 3188_at_x06 7033	
2647 8 3188_at_x07 7034	
2647 8 3188_at_x08 7035	
2647 8 3188_at_x09 7036	
2647 8 3188_at_x10 7039	
2647 8 3188_at_x11 7049	
2647 8 3188_at_x12 7050	
2647 8 3188_at_x13 7051	
2647 8 3188_at_x14 7054	
2647 8 3188_at_x15 7055	
2646 8 4562_at_x15 8390	
2646 8 4562_at_x14 8396	
2646 8 4562_at_x13 8414	
2646 8 4562_at_x11 8498	
2646 8 4562_at_x10 8516	
2646 8 4562_at_x09 8564	
2646 8 4562_at_x08 8624	
2646 8 4562_at_x07 8636	
2646 8 4562_at_x05 8648	
2646 8 4562_at_x04 8684	
2646 8 4562_at_x02 8726	
2646 8 4562_at_x01 8762	
2646 8 4562_at_x00 8774	
2642 8 4564_at_x03 13926	
2642 8 4564_at_x04 13932	
2642 8 4564_at_x05 13956	
2642 8 4564_at_x09 14136	
2641 8 4565_at_x00 14953	
2639 8 4567_at_x07 17636	
2638 8 4568_at_x14 19171	
2626 8 2105_s_at_x07 45098	
2625 8 4579_at_x15 46007	
2618 8 4540_at_x01 63314	
2618 8 4540_at_x00 63386	
2612 8 4545_at_x13 71742	
2611 8 4546_at_x04 72233	
2607 8 4550_at_x02 80014	
2607 8 4550_at_x03 80026	
2607 8 4550_at_x04 80068	
2604 8 4553_at_x00 84437	
2603 8 4554_at_x03 92960	
2603 8 4554_at_x02 92978	
2603 8 4554_at_x00 93002	
2602 8 4555_at_x10 95289	
2602 8 4555_at_x08 95313	
2602 8 4555_at_x01 95469	
2600 8 4556_at_x05 98513	
2662 8 4530_at_x00 128732	
2663 8 4531_at_x10 130097	
2667 8 4535_at_x14 137221	
2667 8 4535_at_x13 137227	
2667 8 4535_at_x12 137233	
2669 8 4537_at_x14 140058	
2673 8 4495_at_x03 149336	
2673 8 4495_at_x04 149342	
2673 8 4495_at_x07 149510	
2673 8 4495_at_x13 149618	
2674 8 4495_at_x13 149618	
2673 8 4496_at_x14 149652	
2674 8 4496_at_x14 149652	
2674 8 4496_at_x06 149940	
2674 8 2107_at_x02 150330	
2675 8 2109_g_at_x02 151814	
2675 8 2110_s_at_x07 152932	
2675 8 2112_s_at_x01 154225	
2675 8 2112_s_at_x05 154669	
2675 8 2113_s_at_x00 155178	
2675 8 2114_s_at_x03 156412	
2679 8 4501_at_x05 161987	
2686 8 4507_at_x08 176412	
2686 8 4507_at_x13 176670	
2687 8 4508_at_x14 176994	
2692 8 4513_at_x10 185012	
2692 8 4513_at_x10 185882	
2694 8 4469_at_x04 188671	
2694 8 4469_at_x09 188851	
2697 8 4472_s_at_x03 193175	
2705 8 4480_at_x12 209167	
2705 8 4480_at_x15 209245	
2709 8 4484_s_at_x02 213595	
2717 8 4489_at_x00 221933	
2719 8 4491_at_x08 224267	
2757 8 4431_at_x09 293131	
2761 8 2128_s_at_x04 312183	
2761 8 2129_s_at_x04 313108	
2766 8 4442_at_x03 324050	
2777 8 4408_at_x08 340251	
2811 8 4395_at_x11 389044	
2811 8 4395_at_x10 389047	
2811 8 4395_at_x09 389050	
2811 8 4395_at_x00 389176	
2817 8 4356_at_x12 399409	
2831 8 4370_at_x04 430123	
2834 8 4372_at_x00 439711	
2834 8 4372_at_x01 439723	
2835 8 4373_at_x10 441790	
2844 8 4337_at_x04 457580	
2877 8 4321_at_x08 518539	
2879 8 4322_at_x02 521046	
2880 8 11396_g_at_x00 525546	
2880 8 11396_g_at_x02 525555	
2880 8 11396_g_at_x05 525664	
2880 8 11396_g_at_x06 525668	
2880 8 11396_g_at_x07 525673	
3074 9 4282_f_at_x04 19607	
3074 9 4282_f_at_x05 19616	
3074 9 4281_i_at_x00 19620	
3074 9 4282_f_at_x06 19627	
3074 9 4282_f_at_x07 19641	
3074 9 4282_f_at_x08 19650	
3069 9 4285_at_x06 31216	
3068 9 4237_at_x12 33795	
3068 9 4237_at_x11 33801	
3068 9 4237_at_x10 33807	
3065 9 4043_s_at_x15 38608	
3062 9 4242_at_x09 45863	
3062 9 4242_at_x10 45866	
3061 9 4243_at_x03 46549	
3061 9 4243_at_x05 46561	
3060 9 4244_at_x07 47053	
3052 9 4251_at_x08 61273	
3052 9 4251_at_x02 61459	
3050 9 4253_i_at_x00 68997	
3048 9 4255_at_x03 74540	
3047 9 4256_at_x15 76380	
3046 9 4257_at_x00 79793	
3046 9 4257_at_x05 79820	
3046 9 4257_at_x06 79823	
3044 9 4259_at_x14 84805	
3041 9 4216_at_x04 87577	
3040 9 4217_at_x08 88155	
3034 9 4223_at_x03 98949	
3034 9 4223_at_x02 98952	
3034 9 4223_at_x01 98955	
3034 9 4223_at_x00 98958	
3032 9 4225_at_x05 101011	
3022 9 4235_at_x10 133663	
3022 9 4235_at_x11 133693	
3022 9 4235_at_x12 133699	
3020 9 4192_at_x12 136845	
3018 9 4194_at_x00 141014	
3012 9 4199_at_x06 154733	
2991 9 4174_at_x10 190794	
2991 9 4174_at_x11 190800	
2991 9 4174_at_x15 190866	
2990 9 4175_at_x00 191491	
2988 9 4177_at_x08 195965	
2988 9 4177_at_x12 196145	
2987 9 4178_at_x14 197948	
2985 9 4180_at_x06 200332	
2979 9 4186_at_x12 214482	
2964 9 4045_s_at_x07 238345	
2962 9 4153_at_x08 242417	
2961 9 4154_at_x07 242934	
2959 9 4156_at_x06 244902	
2957 9 4157_at_x00 246551	
2958 9 4157_at_x00 246551	
2954 9 4161_at_x00 251495	
2954 9 4161_at_x02 251537	
2952 9 4163_at_x11 254745	
2949 9 4166_at_x10 257943	
2948 9 4167_at_x07 259533	
2942 9 4126_at_x01 272372	
2940 9 4128_at_x12 274199	
2937 9 4131_at_x05 277908	
2934 9 4134_at_x01 283468	
2931 9 4137_at_x06 289503	
2926 9 4141_at_x01 296453	
2919 9 4101_at_x08 308848	
2919 9 4101_at_x07 308854	
2909 9 4109_at_x12 323975	
2904 9 4114_at_x00 334195	
2904 9 4114_at_x02 334243	
2902 9 4118_at_x07 341216	
3084 9 4084_at_x02 362631	
3084 9 4084_at_x07 362715	
3087 9 11432_at_x03 369587	
3088 9 11436_s_at_x01 372093	
3102 9 4041_at_x02 394278	
3105 9 4057_at_x05 398074	
3106 9 4058_at_x11 399057	
3109 9 4060_at_x03 403134	
3111 9 4062_at_x08 405130	
3111 9 4062_at_x07 405136	
3113 9 4064_at_x02 410028	
3118 9 4068_at_x07 415311	
3119 9 4069_at_x15 419418	
3120 9 4070_at_x12 419722	
3120 9 4070_at_x01 420076	
3126 9 4075_at_x02 430910	
3129 9 4077_at_x15 435398	
3129 9 4077_at_x14 435404	
3129 9 4077_at_x13 435410	
3129 9 4077_at_x11 435434	
3129 9 4077_at_x10 435440	
3129 9 4077_at_x09 435446	
3129 9 4077_at_x07 435494	
3129 9 4077_at_x06 435530	
3129 9 4077_at_x05 435536	
3129 9 4077_at_x02 435644	
3129 9 4077_at_x01 435674	
3130 9 4078_i_at_x04 437051	
3130 9 4078_i_at_x03 437052	
3130 9 4078_i_at_x02 437053	
3130 9 4078_i_at_x01 437054	
3130 9 4078_i_at_x00 437055	
3130 9 4032_f_at_x15 437056	
3130 9 4032_f_at_x14 437057	
3130 9 4032_f_at_x13 437060	
3130 9 4032_f_at_x12 437061	
3130 9 4032_f_at_x11 437062	
3130 9 4032_f_at_x10 437063	
3358 10 11254_at_x00 22213	
3358 10 11254_at_x01 22225	
3358 10 11254_at_x02 22267	
3358 10 11254_at_x03 22273	
3358 10 11254_at_x04 22279	
3358 10 11254_at_x05 22309	
3358 10 11254_at_x06 22315	
3358 10 11254_at_x07 22327	
3358 10 11254_at_x08 22363	
3358 10 11254_at_x09 22369	
3358 10 11254_at_x11 22453	
3358 10 11254_at_x12 22459	
3358 10 11254_at_x13 22465	
3358 10 11254_at_x14 22477	
3358 10 11254_at_x15 22483	
3357 10 11255_at_x00 23355	
3357 10 11255_at_x01 23373	
3357 10 11255_at_x02 23385	
3357 10 11255_at_x03 23409	
3357 10 11255_at_x05 23439	
3357 10 11255_at_x06 23493	
3357 10 11255_at_x07 23505	
3357 10 11255_at_x08 23511	
3357 10 11255_at_x09 23523	
3357 10 11255_at_x10 23625	
3357 10 11255_at_x11 23631	
3357 10 11255_at_x12 23643	
3357 10 11255_at_x14 23661	
3357 10 11255_at_x15 23685	
3356 10 11256_at_x15 24397	
3356 10 11256_at_x14 24409	
3356 10 11256_at_x11 24469	
3356 10 11256_at_x02 24727	
3356 10 11256_at_x01 24739	
3356 10 11256_at_x00 24745	
3355 10 11257_at_x10 26519	
3355 10 11257_at_x07 26567	
3354 10 11258_at_x09 28306	
3352 10 11260_at_x12 34086	
3352 10 11260_at_x11 34098	
3351 10 11215_at_x14 36810	
3349 10 11217_at_x07 39595	
3348 10 11218_at_x15 40238	
3347 10 3116_at_x03 43261	
3344 10 11222_at_x06 51003	
3340 10 11226_at_x02 56788	
3339 10 11227_at_x08 59959	
3338 10 11228_at_x08 63282	
3337 10 11229_at_x08 67350	
3336 10 11230_at_x08 68085	
3334 10 11231_at_x04 69578	
3335 10 11231_at_x04 69578	
3327 10 11193_at_x15 76840	
3326 10 11194_at_x13 81869	
3326 10 11194_at_x14 81875	
3323 10 11197_at_x12 85260	
3322 10 11198_at_x14 85450	
3322 10 11198_at_x12 85480	
3322 10 11198_at_x11 85486	
3322 10 11198_at_x06 85654	
3321 10 11199_at_x00 87113	
3319 10 11201_at_x14 89097	
3318 10 11202_at_x15 89348	
3313 10 11210_at_x15 96190	
3313 10 11210_at_x05 96376	
3311 10 11212_at_x06 99891	
3311 10 11212_at_x04 99921	
3311 10 11212_at_x03 99927	
3310 10 11213_at_x15 101187	
3310 10 11213_at_x14 101193	
3304 10 11174_at_x09 110038	
3304 10 11174_at_x08 110044	
3303 10 11175_at_x10 111890	
3298 10 11180_at_x06 122312	
3297 10 11181_at_x05 123859	
3295 10 11182_at_x08 126751	
3293 10 11184_at_x10 130933	
3291 10 11186_at_x00 135902	
3291 10 11186_at_x01 135908	
3288 10 11189_at_x01 138712	
3280 10 11152_g_at_x10 147750	
3281 10 11152_g_at_x10 147750	
3280 10 11153_at_x09 147991	
3279 10 11154_at_x10 151190	
3279 10 11154_at_x15 151310	
3270 10 11163_at_x15 163850	
3262 10 11124_at_x11 185313	
3262 10 11124_at_x10 185319	
3255 10 11130_at_x00 191571	
3256 10 11130_at_x00 191571	
3255 10 11131_at_x05 191768	
3248 10 3048_at_x06 214773	
3246 10 11140_at_x06 218798	
3231 10 3058_s_at_x02 259991	
3229 10 11112_at_x08 262593	
3210 10 11086_at_x01 307178	
3197 10 11098_at_x00 325500	
3195 10 11100_at_x14 327852	
3195 10 11100_at_x13 327858	
3194 10 11101_at_x15 330165	
3194 10 11101_at_x05 330465	
3191 10 11059_at_x01 336317	
3188 10 11062_at_x04 341703	
3187 10 11063_at_x05 345059	
3185 10 11065_at_x02 347547	
3183 10 11066_at_x15 349332	
3182 10 11067_at_x08 353027	
3176 10 3062_at_x07 372838	
3172 10 11077_at_x11 380085	
3167 10 11037_at_x13 387893	
3166 10 11038_at_x04 388461	
3166 10 11038_at_x00 388515	
3163 10 11041_at_x12 393255	
3163 10 11041_at_x13 393261	
3158 10 11046_at_x08 398821	
3158 10 11047_at_x00 400191	
3156 10 11050_at_x03 404508	
3144 10 11014_at_x12 422538	
3144 10 11014_at_x11 422541	
3144 10 11014_at_x09 422580	
3138 10 11022_at_x08 435323	
3370 10 11028_at_x11 450212	
3370 10 11028_at_x15 450338	
3372 10 11030_at_x08 453011	
3372 10 11030_at_x13 453107	
3372 10 11030_at_x14 453113	
3372 10 11030_at_x15 453116	
3378 10 10990_at_x14 461201	
3381 10 10993_at_x12 464261	
3386 10 10998_at_x03 468983	
3386 10 10999_at_x03 469207	
3389 10 11002_at_x02 470292	
3389 10 11002_at_x01 470298	
3395 10 11007_at_x11 492254	
3397 10 11009_at_x02 499854	
3398 10 10966_at_x11 503030	
3399 10 10966_at_x11 503030	
3398 10 10966_at_x12 503036	
3399 10 10966_at_x12 503036	
3400 10 10967_at_x13 503466	
3402 10 10969_at_x03 509429	
3402 10 10969_at_x04 509435	
3403 10 10970_at_x14 510007	
3403 10 10970_at_x05 510235	
3403 10 3074_at_x05 511123	
3403 10 3074_at_x07 511213	
3403 10 3077_at_x00 513451	
3415 10 10982_at_x13 535311	
3416 10 10983_at_x13 537157	
3417 10 10984_at_x06 538670	
3418 10 10985_at_x02 541818	
3419 10 10986_at_x07 544176	
3430 10 10952_at_x08 568228	
3432 10 10955_at_x05 570207	
3433 10 10955_at_x05 570207	
3433 10 10955_at_x11 570345	
3434 10 10956_at_x11 570753	
3435 10 10957_at_x01 572473	
3435 10 10957_at_x00 572479	
3436 10 10958_at_x13 573371	
3436 10 10958_at_x14 573383	
3438 10 10960_at_x11 575236	
3440 10 10962_at_x12 579811	
3441 10 10920_at_x00 579929	
3441 10 10920_at_x01 579935	
3441 10 10964_at_x06 580386	
3442 10 10964_at_x06 580386	
3443 10 10921_at_x10 581691	
3445 10 10923_at_x00 584276	
3445 10 10923_at_x14 584612	
3448 10 10927_at_x12 586311	
3449 10 10927_at_x12 586311	
3449 10 10927_at_x00 586599	
3453 10 3011_s_at_x06 600797	
3454 10 10931_at_x15 602943	
3455 10 10932_at_x09 604478	
3459 10 10936_at_x15 612602	
3465 10 10942_at_x05 621762	
3469 10 10900_at_x01 627628	
3469 10 10900_at_x02 627634	
3470 10 10901_at_x06 628581	
3470 10 10901_at_x07 628593	
3482 10 10913_at_x03 646911	
3506 10 10891_at_x10 698149	
3509 10 10894_at_x05 703718	
3509 10 10894_at_x13 703868	
3510 10 10895_at_x06 704668	
3514 10 3028_at_x04 715254	
3514 10 3028_at_x04 715254	
3757 11 3854_f_at_x05 590	
3752 11 10792_at_x09 9262	
3750 11 10794_at_x06 17679	
3748 11 10796_at_x08 25990	
3746 11 10798_at_x09 31187	
3741 11 10803_at_x05 42738	
3740 11 10804_at_x08 47707	
3726 11 10769_at_x04 79182	
3722 11 10774_at_x00 85435	
3722 11 10774_at_x02 85465	
3722 11 10774_at_x03 85477	
3717 11 10779_at_x00 97725	
3717 11 10779_at_x04 97761	
3715 11 2968_s_at_x00 103658	
3710 11 10742_at_x01 114412	
3711 11 10742_at_x01 114412	
3707 11 10745_at_x02 120696	
3706 11 10746_at_x11 125459	
3704 11 10748_at_x02 129847	
3701 11 10751_at_x09 131394	
3696 11 10755_at_x15 141810	
3695 11 10756_at_x01 144916	
3695 11 10757_at_x04 145122	
3693 11 10757_at_x04 147886	
3691 11 10759_at_x07 153463	
3678 11 10726_at_x09 171771	
3672 11 10732_at_x15 180221	
3662 11 10697_at_x08 194611	
3663 11 10697_at_x08 194611	
3656 11 10703_at_x13 209627	
3655 11 10704_at_x06 211595	
3654 11 10705_g_at_x13 211820	
3655 11 10705_g_at_x13 211820	
3654 11 10705_g_at_x14 211823	
3655 11 10705_g_at_x14 211823	
3653 11 10707_at_x13 212278	
3653 11 10707_at_x03 212554	
3650 11 10710_at_x10 218377	
3649 11 10711_at_x00 218796	
3650 11 10711_at_x00 218796	
3649 11 10711_at_x01 218805	
3650 11 10711_at_x01 218805	
3648 11 10712_at_x14 220519	
3647 11 10713_at_x01 221391	
3646 11 10669_at_x07 222724	
3641 11 10674_at_x03 229040	
3641 11 10674_at_x01 229052	
3639 11 10676_at_x00 235002	
3637 11 10678_at_x06 238310	
3632 11 10682_at_x04 247944	
3632 11 10682_at_x03 247950	
3632 11 10682_at_x02 247956	
3627 11 10687_at_x08 258243	
3623 11 10691_at_x04 263612	
3621 11 10647_at_x07 266017	
3620 11 10648_at_x05 269734	
3619 11 10649_at_x07 272657	
3602 11 10668_at_x04 298361	
3597 11 10628_at_x15 312706	
3595 11 10630_at_x12 315253	
3573 11 10607_at_x03 354466	
3556 11 10623_at_x08 382548	
3557 11 10623_at_x08 382548	
3556 11 10622_at_x08 382553	
3557 11 10622_at_x08 382553	
3556 11 10623_at_x07 382554	
3557 11 10623_at_x07 382554	
3554 11 10580_at_x08 388373	
3554 11 10580_at_x09 388379	
3553 11 10581_at_x11 389068	
3553 11 10581_at_x10 389074	
3553 11 10581_at_x07 389236	
3552 11 10582_at_x07 390168	
3552 11 10582_at_x06 390174	
3551 11 10583_at_x10 392268	
3549 11 10585_at_x05 394654	
3549 11 10585_at_x04 394660	
3549 11 10585_at_x03 394678	
3548 11 10586_at_x12 397200	
3548 11 10586_at_x01 397458	
3543 11 10590_at_x00 405226	
3536 11 10597_at_x09 421190	
3761 11 10567_at_x08 446685	
3779 11 10539_at_x08 482069	
3781 11 10541_at_x13 484826	
3792 11 10552_at_x14 508110	
3792 11 10552_at_x15 508170	
3793 11 10553_at_x08 508575	
3794 11 10554_at_x05 510933	
3801 11 10516_at_x10 522777	
3808 11 10523_at_x06 531549	
3808 11 10523_at_x07 531561	
3809 11 10524_at_x01 532483	
3811 11 2981_at_x07 540588	
3811 11 2988_at_x07 547558	
3815 11 10530_at_x00 553792	
3815 11 10530_at_x08 553942	
3815 11 10530_at_x13 554200	
3817 11 10531_at_x07 556730	
3817 11 10531_at_x15 556934	
3823 11 10491_at_x08 566015	
3828 11 10496_at_x03 574956	
3832 11 10500_at_x01 579813	
3832 11 10500_at_x00 579819	
3836 11 10504_at_x06 586769	
3837 11 10505_at_x01 590637	
3840 11 10508_at_x12 596152	
3840 11 10508_at_x07 596215	
3842 11 10464_at_x00 599170	
3848 11 10470_at_x12 611765	
3849 11 10471_at_x14 612571	
3849 11 10471_at_x05 612721	
3849 11 10471_at_x02 612763	
3849 11 10471_at_x01 612769	
3849 11 10471_at_x00 612781	
3852 11 2995_s_at_x07 623215	
3852 11 2997_s_at_x07 624548	
3853 11 10477_g_at_x00 629611	
3853 11 10477_g_at_x01 629614	
3854 11 10478_at_x10 632285	
3855 11 10479_at_x07 632952	
3859 11 3002_g_at_x00 645998	
3859 11 3002_g_at_x01 646028	
3859 11 3002_g_at_x03 646042	
3859 11 3002_g_at_x04 646049	
3859 11 3002_g_at_x05 646054	
3859 11 3002_g_at_x06 646060	
3859 11 3002_g_at_x07 646065	
3859 11 2917_s_at_x00 646146	
3859 11 2917_s_at_x01 646245	
3859 11 2917_s_at_x02 646285	
3859 11 2917_s_at_x04 646408	
3859 11 2917_s_at_x05 646556	
3859 11 2917_s_at_x07 646820	
3859 11 2918_s_at_x00 647318	
3859 11 2918_s_at_x03 647807	
3859 11 2918_s_at_x04 647868	
3859 11 2918_s_at_x05 647911	
3859 11 2918_s_at_x06 648010	
3859 11 2918_s_at_x07 648055	
3859 11 2919_s_at_x00 648146	
3859 11 2919_s_at_x01 648221	
3859 11 2919_s_at_x02 648280	
3859 11 2919_s_at_x03 648354	
3859 11 2919_s_at_x04 648430	
3859 11 2919_s_at_x05 648545	
3859 11 2919_s_at_x06 648673	
3859 11 2919_s_at_x07 648742	
3859 11 10483_at_x00 649174	
3859 11 10483_at_x01 649228	
3859 11 10483_at_x02 649234	
3859 11 10483_at_x03 649240	
3859 11 10483_at_x04 649258	
3859 11 10483_at_x05 649270	
3859 11 10483_at_x06 649288	
3859 11 10483_at_x07 649300	
3859 11 10483_at_x08 649324	
3859 11 10483_at_x09 649348	
3859 11 10483_at_x10 649408	
3859 11 10483_at_x11 649414	
3859 11 10483_at_x13 649438	
3859 11 10483_at_x14 649468	
3859 11 10483_at_x15 649480	
3860 11 2924_g_at_x00 652752	
3860 11 2924_g_at_x01 652835	
3860 11 2924_g_at_x02 652923	
3860 11 2924_g_at_x03 653047	
3860 11 2924_g_at_x05 653219	
3860 11 2924_g_at_x06 653244	
3860 11 2925_s_at_x00 653507	
3860 11 2925_s_at_x01 653697	
3860 11 2925_s_at_x02 653763	
3860 11 2925_s_at_x04 654072	
3860 11 2925_s_at_x05 654154	
3860 11 2925_s_at_x06 654229	
3860 11 2925_s_at_x07 654284	
3860 11 2926_s_at_x03 654788	
3860 11 2926_s_at_x04 654923	
3860 11 2926_s_at_x06 655159	
3860 11 2926_s_at_x07 655316	
3860 11 2927_s_at_x00 655559	
3860 11 2927_s_at_x02 655634	
3860 11 2927_s_at_x03 655648	
3860 11 2927_s_at_x04 655662	
3860 11 2927_s_at_x05 655678	
3860 11 10484_at_x03 655967	
3860 11 10484_at_x04 655991	
3860 11 10484_at_x06 656099	
3860 11 10484_at_x07 656105	
3860 11 10484_at_x09 656141	
3860 11 10484_at_x10 656147	
3860 11 10484_at_x11 656171	
3860 11 10484_at_x12 656177	
3860 11 10484_at_x13 656225	
3860 11 10484_at_x14 656231	
3860 11 10484_at_x15 656279	
3861 11 10485_at_x01 657035	
3861 11 10485_at_x02 657065	
3861 11 10485_at_x03 657071	
3861 11 10485_at_x04 657077	
3861 11 10485_at_x05 657107	
3861 11 10485_at_x06 657119	
3861 11 10485_at_x07 657197	
3861 11 10485_at_x08 657275	
3861 11 10485_at_x09 657281	
3861 11 10485_at_x10 657287	
3861 11 10485_at_x11 657299	
3861 11 10485_at_x13 657329	
3861 11 10485_at_x14 657359	
3861 11 10485_at_x15 657365	
3936 12 10415_at_x13 19609	
3934 12 10417_at_x12 22602	
3934 12 10417_at_x05 22752	
3932 12 10373_at_x02 26184	
3931 12 10374_at_x00 27765	
3927 12 10378_at_x13 35970	
3917 12 2932_at_x01 55040	
3917 12 2934_at_x00 56785	
3916 12 10392_at_x07 64263	
3916 12 10392_at_x06 64265	
3916 12 10392_at_x05 64267	
3916 12 10392_at_x04 64275	
3916 12 10392_at_x03 64283	
3915 12 10393_at_x15 65842	
3915 12 10393_at_x11 65890	
3914 12 10394_at_x01 66591	
3912 12 10351_at_x05 70121	
3912 12 10351_at_x06 70127	
3905 12 10358_at_x06 86369	
3901 12 10362_at_x10 95639	
3899 12 10364_at_x10 99261	
3895 12 9868_at_x08 108809	
3894 12 9868_at_x08 111412	
3893 12 10371_at_x03 112275	
3892 12 10372_at_x02 115582	
3888 12 10331_at_x04 126934	
3885 12 10334_at_x04 131338	
3879 12 10340_at_x07 145780	
3968 12 10322_at_x15 195531	
3969 12 10323_at_x15 196850	
3976 12 10286_at_x13 210539	
3988 12 10298_at_x05 238298	
3988 12 10298_at_x03 238376	
3989 12 10299_at_x07 239578	
3993 12 10260_at_x09 246579	
3994 12 10261_at_x14 247886	
3994 12 10261_at_x15 247898	
3995 12 10262_at_x05 248307	
3996 12 10263_at_x14 248756	
3998 12 10265_at_x10 254693	
3999 12 10266_at_x05 257512	
4001 12 10268_at_x01 260113	
4001 12 10268_at_x00 260119	
4005 12 10272_at_x01 264911	
4006 12 10273_at_x08 266102	
4012 12 10279_at_x15 274162	
4012 12 10279_at_x12 274240	
4016 12 10238_at_x12 282091	
4016 12 10238_at_x00 282397	
4022 12 10244_at_x01 288943	
4024 12 10246_at_x13 292523	
4024 12 10246_at_x12 292529	
4030 12 10252_at_x01 317542	
4030 12 10252_at_x04 317608	
4032 12 10254_at_x03 321827	
4034 12 10256_at_x15 326212	
4035 12 10257_at_x00 327131	
4054 12 10230_at_x00 370434	
4058 12 10234_at_x06 380269	
4059 12 10235_at_x00 381825	
4059 12 10235_at_x05 381903	
4064 12 10194_at_x06 388933	
4083 12 10170_g_at_x15 423789	
4084 12 10170_g_at_x15 423789	
4099 12 10185_s_at_x15 469391	
4099 12 10185_s_at_x12 469461	
4099 12 10185_s_at_x10 469539	
4099 12 10185_s_at_x08 469604	
4099 12 10185_s_at_x06 469640	
4099 12 10185_s_at_x05 469656	
4099 12 10185_s_at_x04 469672	
4099 12 10185_s_at_x00 469805	
4100 12 10186_s_at_x02 472165	
4100 12 10186_s_at_x03 472194	
4100 12 10186_s_at_x04 472209	
4100 12 10186_s_at_x05 472221	
4100 12 10186_s_at_x06 472244	
4100 12 10186_s_at_x07 472276	
4100 12 10186_s_at_x08 472292	
4100 12 10186_s_at_x09 472319	
4100 12 10186_s_at_x11 472365	
4100 12 10186_s_at_x14 472402	
4113 12 10149_at_x04 500493	
4113 12 10149_at_x05 500589	
4114 12 10149_at_x05 500589	
4116 12 10152_at_x09 501510	
4116 12 10152_at_x07 501528	
4118 12 10154_at_x12 505763	
4120 12 10156_at_x15 507813	
4120 12 10156_at_x06 508029	
4124 12 10160_at_x05 516242	
4125 12 10162_at_x15 516700	
4149 12 10143_at_x05 553064	
4149 12 10143_at_x03 553076	
4149 12 10143_at_x01 553124	
4150 12 10144_at_x01 556063	
4158 12 10106_at_x10 570433	
4167 12 10115_at_x03 582499	
4175 12 10079_at_x10 607076	
4176 12 10079_at_x10 607076	
4179 12 10083_g_at_x15 611810	
4180 12 10083_g_at_x15 611810	
4179 12 10083_g_at_x08 611854	
4180 12 10083_g_at_x08 611854	
4180 12 10084_at_x10 611967	
4180 12 10084_at_x07 611997	
4192 12 2911_s_at_x03 635380	
4196 12 10100_at_x04 642137	
4197 12 10055_at_x07 644082	
4197 12 10055_at_x11 644136	
4201 12 10059_at_x00 659357	
4202 12 10060_at_x04 662627	
4205 12 10063_i_at_x02 668249	
4206 12 10063_i_at_x02 668249	
4208 12 10067_at_x14 672779	
4208 12 10067_at_x15 672785	
4211 12 10070_at_x08 674651	
4213 12 10072_at_x12 679808	
4215 12 10074_at_x01 681096	
4217 12 10076_at_x11 683457	
4217 12 10076_at_x12 683463	
4219 12 10078_at_x14 689211	
4219 12 10078_at_x13 689217	
4220 12 10032_at_x02 693610	
4220 12 10032_at_x03 693616	
4220 12 10032_at_x11 693790	
4223 12 10035_at_x13 697260	
4226 12 10040_at_x15 704828	
4227 12 10040_at_x15 704828	
4228 12 10041_at_x14 705088	
4228 12 10041_at_x13 705100	
4228 12 10041_at_x07 705190	
4229 12 10041_at_x07 705190	
4228 12 10041_at_x06 705220	
4229 12 10041_at_x06 705220	
4228 12 10041_at_x05 705226	
4229 12 10041_at_x05 705226	
4231 12 10044_at_x09 708035	
4231 12 10044_at_x10 708041	
4232 12 10045_at_x07 708594	
4235 12 10048_at_x12 713638	
4235 12 10048_at_x11 713644	
4235 12 10048_at_x10 713686	
4239 12 10052_at_x14 719857	
4241 12 10054_at_x03 721979	
4241 12 10054_at_x02 721988	
4242 12 10010_at_x00 722343	
4250 12 10018_at_x15 733838	
4253 12 10021_at_x01 744310	
4253 12 10021_at_x05 744436	
4255 12 10023_at_x05 748567	
4255 12 10023_at_x11 748735	
4258 12 10026_at_x00 757570	
4259 12 10027_at_x08 757807	
4260 12 9870_s_at_x04 759664	
4260 12 9870_s_at_x15 759989	
4261 12 10028_at_x15 760763	
4262 12 10029_at_x11 762819	
4262 12 10029_at_x01 762930	
4265 12 9986_at_x15 766038	
4267 12 2912_at_x02 770327	
4269 12 9991_at_x09 777813	
4270 12 9991_at_x09 777813	
4274 12 9995_at_x13 782839	
4282 12 10004_at_x03 796771	
4289 12 9965_at_x07 808623	
4289 12 9965_at_x12 808707	
4290 12 2837_s_at_x01 810883	
4290 12 2837_s_at_x06 811669	
4290 12 2839_s_at_x02 812861	
4290 12 9966_at_x10 815480	
4290 12 9966_at_x11 815486	
4290 12 9966_at_x12 815498	
4290 12 9966_at_x14 815552	
4295 12 9971_at_x01 824230	
4298 12 9974_at_x15 829265	
4299 12 9975_at_x08 829693	
4299 12 9975_at_x07 829705	
4310 12 9941_at_x04 851826	
4313 12 9943_at_x09 854279	
4314 12 9944_at_x09 855389	
4314 12 9944_at_x10 855419	
4315 12 9945_at_x11 855776	
4317 12 9949_at_x05 858996	
4324 12 9956_at_x06 872448	
4324 12 9956_at_x07 872460	
4330 12 9962_at_x02 881579	
4330 12 9962_at_x15 881903	
4338 12 9924_at_x09 899898	
4338 12 9924_at_x07 899946	
4343 12 9929_at_x09 909226	
4346 12 9932_at_x02 912976	
4346 12 9932_at_x01 912982	
4348 12 9934_at_x12 919638	
4348 12 9934_at_x11 919644	
4352 12 9938_at_x09 927421	
4366 12 9908_at_x05 956366	
4366 12 9908_at_x07 956528	
4366 12 9908_at_x08 956534	
4366 12 9908_at_x09 956540	
4366 12 9908_at_x11 956594	
4367 12 9909_at_x08 957108	
4370 12 9912_at_x14 965218	
4370 12 9912_at_x12 965230	
4370 12 9912_at_x09 965332	
4370 12 9912_at_x08 965335	
4375 12 9873_at_x09 987750	
4377 12 9875_at_x11 990751	
4379 12 2867_s_at_x00 994739	
4380 12 9878_at_x08 1000554	
4384 12 9882_at_x08 1006711	
4387 12 9886_at_x09 1014016	
4392 12 9891_at_x15 1019347	
4393 12 9893_at_x10 1023790	
4394 12 9893_at_x10 1023790	
4393 12 9892_at_x08 1023795	
4394 12 9892_at_x08 1023795	
4399 12 9853_at_x01 1031679	
4399 12 9853_at_x02 1031685	
4399 12 9853_at_x03 1031688	
4402 12 9856_at_x07 1039501	
4403 12 9857_at_x08 1042072	
4405 12 9859_at_x05 1054278	
4405 12 9859_at_x08 1054302	
4407 12 9861_at_x04 1056097	
4407 12 9861_at_x03 1056103	
4410 12 9864_at_x15 1059806	
4410 12 9864_at_x14 1059816	
4410 12 9864_at_x13 1059818	
4410 12 9864_at_x12 1059925	
4410 12 9864_at_x11 1059928	
4410 12 9864_at_x10 1059929	
4410 12 9864_at_x09 1059930	
4414 12 9866_i_at_x09 1067085	
4415 12 9866_i_at_x09 1067085	
4416 12 9866_i_at_x09 1067085	
4414 12 9866_i_at_x07 1067087	
4415 12 9866_i_at_x07 1067087	
4416 12 9866_i_at_x07 1067087	
4414 12 9866_i_at_x06 1067088	
4415 12 9866_i_at_x06 1067088	
4416 12 9866_i_at_x06 1067088	
4414 12 9866_i_at_x05 1067089	
4415 12 9866_i_at_x05 1067089	
4416 12 9866_i_at_x05 1067089	
4414 12 9866_i_at_x04 1067118	
4415 12 9866_i_at_x04 1067118	
4416 12 9866_i_at_x04 1067118	
4414 12 9866_i_at_x03 1067120	
4415 12 9866_i_at_x03 1067120	
4416 12 9866_i_at_x03 1067120	
4414 12 9866_i_at_x02 1067121	
4415 12 9866_i_at_x02 1067121	
4416 12 9866_i_at_x02 1067121	
4414 12 9866_i_at_x01 1067122	
4415 12 9866_i_at_x01 1067122	
4416 12 9866_i_at_x01 1067122	
4414 12 9866_i_at_x00 1067123	
4415 12 9866_i_at_x00 1067123	
4416 12 9866_i_at_x00 1067123	
4555 13 9764_at_x09 27644	
4554 13 9765_at_x15 28334	
4554 13 9765_at_x03 28622	
4554 13 9765_at_x00 28694	
4552 13 9767_at_x03 33501	
4552 13 9767_at_x10 33681	
4541 13 9734_at_x03 54913	
4539 13 9736_at_x00 57145	
4536 13 2800_at_x07 64970	
4535 13 2806_s_at_x02 69114	
4535 13 2806_s_at_x03 69122	
4529 13 9746_at_x10 77684	
4528 13 9747_at_x04 78655	
4527 13 9748_at_x07 81250	
4527 13 9748_at_x13 81358	
4521 13 9754_at_x01 87587	
4519 13 9756_at_x15 91085	
4520 13 9756_at_x15 91085	
4518 13 9711_at_x10 94053	
4516 13 9713_at_x07 96015	
4514 13 9715_at_x04 99585	
4514 13 9715_at_x09 99672	
4514 13 9715_at_x10 99675	
4514 13 9715_at_x12 99717	
4514 13 9715_at_x13 99720	
4513 13 9716_at_x05 100048	
4508 13 9720_at_x13 110808	
4508 13 9720_at_x14 110814	
4501 13 9727_at_x12 124876	
4500 13 9728_at_x07 129925	
4500 13 9728_at_x02 130069	
4490 13 9693_at_x13 149075	
4486 13 9696_at_x08 159533	
4483 13 9699_at_x10 163180	
4483 13 9699_at_x03 163322	
4483 13 9699_at_x02 163326	
4483 13 9699_at_x01 163328	
4483 13 9700_at_x02 164026	
4475 13 9709_at_x03 178636	
4473 13 9709_at_x03 180103	
4472 13 9666_at_x06 183097	
4468 13 9670_at_x04 203101	
4466 13 9672_at_x06 205921	
4461 13 9679_at_x11 216022	
4461 13 9679_at_x12 216028	
4452 13 9687_at_x04 227254	
4451 13 9688_at_x10 229366	
4447 13 9646_at_x13 234845	
4447 13 9646_at_x12 234851	
4446 13 9647_at_x02 238291	
4445 13 9648_at_x13 239556	
4445 13 9648_at_x12 239559	
4445 13 9648_at_x04 239883	
4445 13 9648_at_x03 239886	
4445 13 9648_at_x02 239892	
4443 13 9650_at_x01 243624	
4442 13 9651_at_x00 245457	
4442 13 9652_at_x12 245620	
4442 13 9651_at_x02 245625	
4442 13 9652_at_x11 245632	
4442 13 9652_at_x10 245674	
4433 13 9662_at_x02 255486	
4433 13 9662_at_x07 255564	
4429 13 9665_at_x15 261719	
4429 13 9665_at_x14 261725	
4427 13 9621_at_x02 266326	
4570 13 9625_at_x00 273244	
4570 13 9625_at_x01 273250	
4572 13 9627_at_x09 277071	
4577 13 9632_at_x00 285840	
4577 13 9632_at_x09 286122	
4582 13 9636_at_x01 299950	
4597 13 9606_at_x08 328865	
4619 13 2749_s_at_x02 379628	
4619 13 9581_at_x09 379975	
4619 13 9581_at_x10 379981	
4625 13 9588_at_x01 390351	
4625 13 9588_at_x02 390357	
4627 13 9590_at_x06 391767	
4629 13 9592_at_x03 395391	
4633 13 9596_at_x00 403766	
4634 13 9597_at_x10 404546	
4637 13 9555_at_x03 410287	
4649 13 9567_at_x12 430164	
4652 13 9570_at_x06 437167	
4656 13 9574_at_x06 443066	
4658 13 9531_at_x15 445622	
4680 13 9507_at_x11 492453	
4681 13 9508_at_x12 494170	
4681 13 9508_at_x10 494242	
4683 13 9510_at_x08 496638	
4684 13 9511_at_x02 498750	
4688 13 9518_at_x11 505626	
4688 13 9518_at_x12 505628	
4688 13 9518_at_x14 505636	
4688 13 9518_at_x15 505642	
4688 13 9516_at_x06 506838	
4688 13 9516_at_x12 506964	
4689 13 9518_at_x11 507289	
4689 13 9518_at_x12 507291	
4689 13 9518_at_x14 507299	
4689 13 9518_at_x15 507305	
4690 13 9516_at_x06 508501	
4690 13 9516_at_x12 508627	
4694 13 9522_at_x06 513778	
4703 13 9485_at_x00 535359	
4717 13 9500_at_x15 554836	
4717 13 9500_at_x14 554842	
4717 13 9500_at_x13 554848	
4717 13 9500_at_x02 555076	
4723 13 9506_at_x13 562907	
4724 13 9462_at_x13 564142	
4724 13 9462_at_x14 564148	
4727 13 9465_at_x13 566144	
4732 13 9469_at_x13 572643	
4734 13 9471_at_x12 574720	
4734 13 9469_at_x13 574866	
4734 13 9471_at_x00 574867	
4743 13 9480_at_x03 597705	
4743 13 9480_at_x02 597711	
4769 13 9417_at_x14 649250	
4769 13 9417_at_x15 649253	
4788 13 9436_at_x04 686206	
4794 13 9397_at_x01 697899	
4795 13 9398_at_x05 698980	
4803 13 9406_at_x01 718930	
4808 13 2767_at_x06 727057	
4839 13 9354_at_x14 789460	
4839 13 9354_at_x13 789466	
4858 13 9328_at_x14 824809	
4866 13 2780_at_x03 843356	
4866 13 2780_at_x04 843590	
4867 13 2784_s_at_x02 846240	
4869 13 9339_at_x01 850514	
4869 13 9339_at_x00 850520	
4873 13 9343_at_x04 855629	
4873 13 9343_at_x03 855635	
4889 13 2708_s_at_x02 885665	
4889 13 2708_s_at_x02 885665	
4899 13 9281_at_x07 905780	
4901 13 9281_at_x07 905780	
4902 13 9282_at_x00 910375	
4902 13 9282_at_x01 910381	
4902 13 9282_at_x13 910735	
4902 13 9282_at_x14 910741	
4909 13 9289_at_x08 922256	
4909 13 9289_at_x07 922258	
4909 13 9289_at_x06 922259	
4909 13 9289_at_x05 922261	
4909 13 9289_at_x00 922268	
4911 13 3694_at_x10 923511	
5251 14 9198_s_at_x06 13845	
5247 14 9201_at_x04 19885	
5247 14 9201_at_x03 19891	
5246 14 9202_at_x02 23220	
5244 14 9204_at_x02 27632	
5243 14 9205_at_x13 28788	
5240 14 9208_at_x15 33361	
5240 14 9208_at_x08 33607	
5240 14 9208_at_x04 33643	
5239 14 9163_at_x03 37071	
5236 14 9166_at_x15 38762	
5237 14 9166_at_x15 38762	
5236 14 9166_at_x09 38852	
5237 14 9166_at_x09 38852	
5222 14 9180_at_x13 61469	
5203 14 9154_at_x06 96321	
5198 14 9159_at_x00 109527	
5196 14 9161_at_x03 116131	
5172 14 9095_at_x09 168128	
5171 14 9096_at_x12 171103	
5155 14 9111_at_x03 206186	
5153 14 9113_at_x02 209852	
5145 14 9075_at_x04 220948	
5146 14 9075_at_x04 220948	
5138 14 9083_at_x08 235423	
5133 14 9088_at_x09 245307	
5133 14 9088_at_x10 245313	
5132 14 9089_at_x12 246135	
5122 14 9055_at_x14 258590	
5118 14 9059_at_x07 263964	
5116 14 9061_at_x01 266789	
5116 14 9061_at_x00 266798	
5109 14 9068_at_x08 281187	
5090 14 2663_s_at_x04 314883	
5090 14 2663_s_at_x04 314883	
5075 14 9010_at_x13 340077	
5059 14 9026_at_x07 358641	
5055 14 8984_at_x09 368178	
5052 14 8987_at_x10 371953	
5041 14 8998_at_x00 393903	
5041 14 8998_at_x08 394161	
5036 14 9003_at_x07 402312	
5032 14 8961_at_x10 410244	
5031 14 8962_at_x11 412758	
5027 14 8967_at_x01 418269	
4991 14 8958_at_x14 486861	
4982 14 8922_at_x03 502316	
4982 14 8922_at_x11 502496	
4967 14 8892_at_x08 534449	
4963 14 8896_at_x09 542648	
4958 14 8900_at_x08 549682	
4957 14 8901_at_x13 554606	
4954 14 8904_at_x03 558284	
4952 14 8906_at_x10 568748	
4951 14 8907_s_at_x03 571885	
4951 14 8907_s_at_x09 571965	
4946 14 8912_at_x12 577299	
4944 14 8868_at_x02 581280	
4943 14 8869_at_x00 582954	
4937 14 8875_at_x13 595753	
4937 14 8875_at_x07 595885	
4927 14 8885_at_x15 614342	
4924 14 8888_at_x13 618548	
5270 14 8860_at_x09 648788	
5291 14 8835_at_x05 686853	
5292 14 8836_at_x00 689579	
5292 14 8836_at_x15 689939	
5293 14 8788_at_x00 690372	
5293 14 8788_at_x01 690378	
5296 14 8839_at_x00 694765	
5297 14 8840_at_x09 695114	
5301 14 8800_at_x14 701565	
5302 14 8800_at_x14 701565	
5304 14 8802_at_x04 705553	
5304 14 8802_at_x05 705559	
5304 14 8802_at_x06 705565	
5310 14 8808_at_x06 714215	
5316 14 8815_at_x15 731633	
5316 14 8815_at_x01 732029	
5517 15 8715_at_x10 1152	
5517 15 8715_at_x08 1206	
5517 15 8715_at_x07 1212	
5517 15 8715_at_x06 1218	
5515 15 2697_g_at_x00 6188	
5515 15 2697_g_at_x01 6226	
5515 15 2697_g_at_x02 6318	
5515 15 2697_g_at_x03 6435	
5515 15 2697_g_at_x05 6643	
5515 15 2697_g_at_x06 6816	
5515 15 2698_s_at_x00 7091	
5515 15 2698_s_at_x01 7123	
5515 15 2698_s_at_x02 7175	
5515 15 2698_s_at_x03 7265	
5515 15 2698_s_at_x04 7307	
5515 15 2698_s_at_x05 7338	
5515 15 2698_s_at_x06 7379	
5515 15 2698_s_at_x07 7516	
5515 15 8717_at_x00 7657	
5515 15 8717_at_x04 7699	
5515 15 8717_at_x05 7795	
5515 15 8717_at_x06 7861	
5515 15 8717_at_x07 7867	
5515 15 8717_at_x08 7879	
5515 15 8717_at_x10 7897	
5515 15 8717_at_x11 7921	
5515 15 8717_at_x14 8035	
5515 15 8717_at_x15 8059	
5514 15 8718_at_x00 9629	
5514 15 8718_at_x03 9671	
5514 15 8718_at_x04 9719	
5514 15 8718_at_x05 9725	
5514 15 8718_at_x06 9731	
5514 15 8718_at_x09 9785	
5514 15 8718_at_x10 9791	
5514 15 8718_at_x11 9797	
5514 15 8718_at_x12 9899	
5514 15 8718_at_x13 9911	
5513 15 8719_at_x00 10331	
5513 15 8719_at_x01 10337	
5513 15 8719_at_x02 10421	
5513 15 8719_at_x03 10427	
5513 15 8719_at_x04 10499	
5513 15 8719_at_x05 10505	
5513 15 8719_at_x06 10511	
5513 15 8719_at_x07 10517	
5513 15 8719_at_x08 10529	
5513 15 8719_at_x09 10541	
5513 15 8719_at_x11 10655	
5513 15 8719_at_x13 10721	
5513 15 8719_at_x14 10739	
5509 15 8722_at_x11 17384	
5509 15 8722_at_x10 17390	
5503 15 8727_at_x01 37207	
5500 15 8684_at_x15 44482	
5501 15 8684_at_x15 44482	
5500 15 8683_at_x07 44484	
5501 15 8683_at_x07 44484	
5500 15 8684_at_x14 44488	
5501 15 8684_at_x14 44488	
5500 15 8683_at_x08 44496	
5501 15 8683_at_x08 44496	
5500 15 8684_at_x08 44542	
5501 15 8684_at_x08 44542	
5500 15 8684_at_x07 44548	
5501 15 8684_at_x07 44548	
5500 15 8683_at_x12 44550	
5501 15 8683_at_x12 44550	
5497 15 8687_at_x14 47951	
5497 15 8687_at_x00 48335	
5493 15 8691_at_x08 54769	
5490 15 8694_at_x09 59733	
5480 15 8704_at_x03 76724	
5473 15 8666_at_x04 89211	
5473 15 8666_at_x05 89217	
5473 15 8666_at_x06 89229	
5468 15 8670_at_x15 96633	
5468 15 8670_at_x00 96849	
5467 15 8671_at_x09 99389	
5463 15 8675_at_x06 106152	
5463 15 8675_at_x07 106158	
5463 15 8675_at_x08 106164	
5463 15 8675_at_x13 106266	
5463 15 8675_at_x14 106272	
5461 15 8677_at_x08 108577	
5456 15 8682_at_x06 113251	
5456 15 8682_at_x07 113254	
5456 15 8682_at_x10 113260	
5456 15 8682_at_x11 113261	
5456 15 8682_at_x12 113267	
5456 15 8682_at_x13 113269	
5454 15 8639_at_x04 116709	
5449 15 8644_at_x02 132423	
5450 15 8644_at_x02 132423	
5450 15 8644_at_x02 132423	
5444 15 8649_at_x15 141621	
5444 15 8649_at_x14 141627	
5444 15 8649_at_x13 141633	
5443 15 8650_at_x11 143597	
5442 15 8651_at_x00 144659	
5439 15 8654_at_x07 150651	
5438 15 8655_at_x06 154177	
5438 15 8655_at_x03 154309	
5430 15 2619_s_at_x03 174364	
5430 15 2620_s_at_x04 175594	
5430 15 2624_s_at_x03 179289	
5430 15 8617_at_x10 180180	
5430 15 8617_at_x12 180210	
5430 15 8617_at_x13 180222	
5429 15 8618_at_x04 180961	
5422 15 8624_at_x10 193911	
5416 15 8630_at_x01 202370	
5414 15 8632_at_x02 205104	
5413 15 8633_at_x07 206266	
5411 15 8635_at_x01 210839	
5407 15 8593_at_x12 220337	
5391 15 8609_at_x00 248746	
5374 15 8580_at_x14 272023	
5373 15 8581_at_x04 274227	
5372 15 8582_at_x01 276469	
5372 15 8582_at_x02 276475	
5371 15 8583_at_x10 277470	
5368 15 8586_at_x12 282525	
5362 15 8547_at_x10 298704	
5362 15 8547_at_x11 298710	
5359 15 8095_at_x01 301074	
5359 15 8095_at_x02 301076	
5359 15 8095_at_x03 301077	
5523 15 8567_at_x07 338018	
5532 15 8531_at_x04 357032	
5532 15 8531_at_x11 357194	
5538 15 8537_at_x15 370304	
5544 15 8543_at_x02 379157	
5545 15 8544_at_x12 380725	
5546 15 8545_at_x05 382531	
5546 15 8545_at_x06 382585	
5548 15 8502_at_x05 384695	
5548 15 8502_at_x06 384701	
5548 15 8502_at_x08 384743	
5548 15 8502_at_x09 384779	
5548 15 8502_at_x15 384923	
5552 15 8506_at_x05 392765	
5559 15 8513_at_x05 407684	
5559 15 8513_at_x06 407690	
5562 15 8516_at_x00 411901	
5563 15 8517_at_x08 413168	
5567 15 8521_at_x07 418908	
5569 15 8523_at_x04 424522	
5570 15 8524_at_x14 424873	
5570 15 8524_at_x02 425275	
5571 15 8480_at_x00 427159	
5573 15 8482_at_x04 428238	
5578 15 8487_at_x10 438975	
5578 15 8487_at_x05 439041	
5582 15 8491_at_x11 445656	
5583 15 8492_at_x01 446514	
5591 15 8499_at_x05 461652	
5591 15 8499_at_x07 461694	
5595 15 8457_at_x12 469463	
5595 15 8457_at_x08 469541	
5595 15 8457_at_x00 469823	
5596 15 8458_at_x15 472577	
5599 15 8461_at_x00 476328	
5603 15 8465_at_x11 481586	
5606 15 8468_at_x14 488274	
5606 15 8469_g_at_x02 488329	
5607 15 8469_g_at_x02 488329	
5606 15 8469_g_at_x03 488334	
5607 15 8469_g_at_x03 488334	
5606 15 8469_g_at_x04 488338	
5607 15 8469_g_at_x04 488338	
5606 15 8469_g_at_x05 488341	
5607 15 8469_g_at_x05 488341	
5606 15 8469_g_at_x10 488373	
5607 15 8469_g_at_x10 488373	
5606 15 8469_g_at_x11 488377	
5607 15 8469_g_at_x11 488377	
5606 15 8469_g_at_x13 488384	
5607 15 8469_g_at_x13 488384	
5608 15 8471_at_x08 490329	
5609 15 8472_at_x13 491172	
5609 15 8472_at_x12 491178	
5609 15 8472_at_x11 491190	
5611 15 8474_at_x06 496730	
5620 15 8438_at_x08 515917	
5620 15 8438_at_x09 515923	
5621 15 8439_at_x11 516673	
5622 15 8439_at_x11 516673	
5625 15 8443_at_x09 519764	
5625 15 8443_at_x10 519776	
5634 15 8452_at_x07 538785	
5636 15 8454_at_x09 546197	
5639 15 8413_at_x15 551819	
5640 15 8413_at_x15 551819	
5646 15 8419_at_x07 563943	
5650 15 8423_at_x05 572404	
5650 15 8423_at_x04 572410	
5654 15 8427_at_x08 580354	
5655 15 8427_at_x08 580354	
5655 15 8428_at_x10 581277	
5658 15 8431_at_x01 587256	
5659 15 8431_at_x01 587256	
5658 15 8431_at_x00 587316	
5659 15 8431_at_x00 587316	
5659 15 8432_at_x05 589013	
5659 15 8432_at_x12 589145	
5661 15 8389_at_x15 594024	
5663 15 8391_at_x07 602951	
5672 15 2641_g_at_x01 619862	
5677 15 8405_at_x11 632882	
5677 15 8405_at_x12 632894	
5705 15 8388_at_x04 683301	
5705 15 8388_at_x07 683415	
5715 15 8353_at_x08 715809	
5735 15 8327_at_x15 747543	
5754 15 8301_at_x05 779974	
5767 15 8314_g_at_x10 798209	
5768 15 8314_g_at_x10 798209	
5771 15 8318_at_x06 802724	
5771 15 8318_at_x01 802916	
5773 15 8274_at_x07 804686	
5776 15 8277_at_x14 808276	
5783 15 8284_at_x08 819015	
5784 15 8284_at_x08 819015	
5794 15 8295_at_x01 838599	
5801 15 8257_at_x14 846344	
5811 15 2659_g_at_x00 861183	
5811 15 2575_s_at_x00 861655	
5811 15 2575_s_at_x07 862479	
5811 15 2576_s_at_x07 863467	
5812 15 8268_at_x07 865782	
5821 15 8234_at_x09 880783	
5821 15 8234_at_x10 880786	
5827 15 8240_at_x03 889464	
5849 15 8216_at_x05 930110	
5852 15 8219_at_x06 937036	
5857 15 8224_at_x09 945781	
5866 15 8187_at_x00 968429	
5894 15 8170_at_x15 1031495	
5894 15 8170_at_x09 1031651	
5894 15 8170_at_x08 1031657	
5908 15 8139_at_x06 1065719	
5908 15 8139_at_x10 1065809	
5912 15 8143_at_x00 1075593	
6183 16 7995_at_x11 70847	
6183 16 7995_at_x12 70853	
6174 16 8004_at_x01 84943	
6174 16 8004_at_x00 84949	
6171 16 8007_at_x15 90266	
6170 16 8008_at_x08 90762	
6165 16 8012_at_x12 100527	
6166 16 8012_at_x12 100527	
6163 16 8015_at_x07 104423	
6162 16 7970_at_x08 105260	
6162 16 7970_at_x07 105278	
6161 16 7971_at_x09 106652	
6159 16 2602_g_at_x07 109106	
6159 16 7973_at_x11 114235	
6154 16 7978_at_x11 125271	
6152 16 7980_at_x08 126998	
6152 16 7980_at_x07 127004	
6151 16 7981_at_x14 128687	
6151 16 7981_at_x12 128711	
6151 16 7981_at_x11 128717	
6120 16 7968_at_x04 182953	
6110 16 7932_at_x02 199880	
6107 16 7935_at_x02 207356	
6091 16 7906_at_x03 239627	
6085 16 7912_at_x09 252113	
6085 16 7912_at_x08 252119	
6083 16 7914_at_x01 256358	
6079 16 7918_at_x13 266023	
6074 16 7923_at_x15 275840	
6071 16 7881_at_x04 280629	
6050 16 7857_at_x00 318068	
6040 16 7866_at_x01 336013	
6041 16 7866_at_x01 336013	
6022 16 7840_at_x15 368086	
6022 16 7840_at_x06 368296	
6012 16 2532_g_at_x07 387239	
5998 16 7818_at_x01 420441	
5992 16 7824_at_x15 428612	
5991 16 7825_at_x10 428900	
5991 16 7825_at_x01 429182	
5991 16 7825_at_x00 429188	
5983 16 7833_at_x15 453436	
5983 16 7833_at_x14 453442	
5982 16 7788_at_x06 454307	
5976 16 7794_at_x09 462646	
5962 16 7808_at_x12 486637	
5962 16 7808_at_x11 486643	
5961 16 7808_at_x02 486787	
5962 16 7808_at_x02 486787	
5959 16 7766_at_x08 489143	
5958 16 7767_at_x07 492351	
5957 16 7768_at_x15 495156	
5956 16 7769_at_x05 497425	
5954 16 7771_at_x10 500342	
5954 16 7771_at_x11 500348	
5954 16 7771_at_x12 500354	
5948 16 7777_at_x07 511400	
5948 16 7777_at_x08 511406	
5943 16 2565_s_at_x02 523450	
5939 16 7786_at_x15 533282	
5936 16 7744_at_x09 535973	
5936 16 7744_at_x08 535979	
5934 16 7746_at_x08 542295	
5934 16 7746_at_x06 542307	
5933 16 2492_f_at_x04 547618	
5928 16 7752_at_x07 555416	
6228 16 7722_at_x06 590622	
6235 16 7728_at_x15 600658	
6235 16 7728_at_x14 600664	
6236 16 7729_at_x12 604010	
6240 16 7733_at_x00 618575	
6240 16 7733_at_x01 618581	
6241 16 7734_at_x11 620596	
6290 16 7695_at_x13 695782	
6297 16 7658_at_x09 704388	
6302 16 7663_at_x13 711614	
6303 16 7663_at_x13 711614	
6326 16 7643_at_x08 748158	
6339 16 7610_at_x10 787283	
6362 16 7589_at_x13 825431	
6392 16 7573_at_x12 890898	
6392 16 7573_at_x13 890904	
6397 16 7578_at_x03 896709	
6398 16 7579_at_x09 897526	
6413 16 7548_at_x01 932310	
6413 16 7548_at_x14 932535	
6413 16 7548_at_x15 932538	
