"SNP_ID" "ID" "chromosome" "_probePairKey" "position"	
12 79 1 11379_at_x14 7292	
13 79 1 11379_at_x13 7298	
14 79 1 11379_at_x12 7358	
15 79 1 11379_at_x11 7400	
16 79 1 11379_at_x10 7472	
17 79 1 11379_at_x09 7478	
18 79 1 11379_at_x07 7490	
19 79 1 11379_at_x06 7532	
20 79 1 11379_at_x05 7544	
21 79 1 11379_at_x04 7574	
22 79 1 11379_at_x02 7640	
23 79 1 11379_at_x01 7652	
24 79 1 11379_at_x00 7712	
25 78 1 11380_at_x00 10131	
26 78 1 11380_at_x01 10134	
27 78 1 11380_at_x02 10143	
28 78 1 11380_at_x03 10146	
29 78 1 11380_at_x04 10152	
30 78 1 11380_at_x05 10236	
31 78 1 11380_at_x06 10239	
32 78 1 11380_at_x10 10284	
33 78 1 11380_at_x11 10296	
34 78 1 11380_at_x12 10302	
35 78 1 11380_at_x15 10386	
36 77 1 11381_at_x14 11582	
37 77 1 11381_at_x13 11586	
38 77 1 11381_at_x12 11588	
39 77 1 11381_at_x11 11616	
40 77 1 11381_at_x08 11626	
41 77 1 11381_at_x07 11628	
42 77 1 11381_at_x06 11630	
43 77 1 11381_at_x05 11632	
44 77 1 11381_at_x04 11638	
45 77 1 11381_at_x03 11640	
46 77 1 11381_at_x02 11642	
52 75 1 11382_at_x02 21628	
65 69 1 11389_at_x04 36900	
66 69 1 11389_at_x09 37068	
67 66 1 11392_at_x03 41483	
68 64 1 11393_at_x00 42255	
69 64 1 11393_at_x06 42489	
70 64 1 11393_at_x10 42591	
71 64 1 11393_at_x12 42633	
72 64 1 11393_at_x13 42639	
73 61 1 11358_at_x01 51324	
74 59 1 11360_at_x14 52859	
75 59 1 11360_at_x11 52943	
76 57 1 11361_at_x10 55215	
77 57 1 11361_at_x09 55221	
78 57 1 11361_at_x03 55329	
79 45 1 11372_at_x08 74577	
80 32 1 3157_at_x05 89879	
81 31 1 11339_at_x14 94468	
82 11 1 11310_at_x01 133611	
83 10 1 11311_at_x03 134580	
84 10 1 11311_at_x00 134652	
85 9 1 11312_at_x00 136161	
91 5 1 11318_at_x06 141181	
91 6 1 11318_at_x06 141181	
92 5 1 11318_at_x07 141187	
92 6 1 11318_at_x07 141187	
93 81 1 11325_at_x05 154328	
95 93 1 11289_at_x04 184243	
96 93 1 11289_at_x14 184405	
97 94 1 11290_at_x00 185122	
98 95 1 11291_at_x12 186488	
99 97 1 11293_at_x04 187268	
100 97 1 11293_at_x05 187272	
101 97 1 11294_g_at_x00 187402	
102 97 1 11294_g_at_x01 187519	
103 97 1 11294_g_at_x03 187544	
104 97 1 11294_g_at_x08 187602	
105 97 1 11294_g_at_x09 187607	
106 97 1 11294_g_at_x11 187640	
107 99 1 11297_at_x12 192130	
108 100 1 11298_at_x10 193251	
144 102 1 11300_at_x15 201472	
145 102 1 11300_at_x14 201475	
146 102 1 11300_at_x08 201508	
147 102 1 11300_at_x07 201511	
148 102 1 11300_at_x06 201520	
149 102 1 11300_at_x05 201595	
150 102 1 11300_at_x04 201604	
151 102 1 11300_at_x03 201640	
152 102 1 11300_at_x02 201643	
153 102 1 11300_at_x01 201703	
155 104 1 11302_at_x00 208493	
156 104 1 11302_at_x01 208497	
157 115 1 11264_f_at_x09 229090	
158 115 1 11264_f_at_x11 229140	
166 230 2 7481_at_x13 14291	
171 213 2 7452_at_x15 50915	
172 204 2 7462_at_x04 73342	
175 203 2 2449_s_at_x03 76948	
176 197 2 7424_at_x08 87845	
180 164 2 7410_at_x11 138480	
181 164 2 7410_at_x09 138498	
182 164 2 7410_at_x05 138648	
183 162 2 7412_at_x14 142262	
185 157 2 7417_at_x03 151674	
186 157 2 7417_at_x02 151686	
187 153 2 7374_at_x08 162382	
188 152 2 7375_at_x15 163042	
189 152 2 7375_at_x14 163048	
190 152 2 7375_at_x08 163240	
192 144 2 7384_at_x03 175071	
193 141 2 7387_at_x06 183768	
194 140 2 7388_at_x02 185438	
195 140 2 7388_at_x03 185450	
196 139 2 7389_at_x15 186131	
197 139 2 7389_at_x02 186293	
198 138 2 2453_at_x03 188709	
199 138 2 2455_at_x06 191171	
202 135 2 7393_at_x15 199101	
203 135 2 7393_at_x14 199107	
204 131 2 7397_at_x07 206323	
205 130 2 7352_at_x05 208872	
206 128 2 7354_at_x10 212770	
207 128 2 7354_at_x06 212842	
208 127 2 7355_at_x02 216978	
211 125 2 2468_s_at_x00 233376	
212 125 2 7357_at_x08 234820	
213 125 2 7357_at_x09 234826	
214 244 2 7365_at_x03 246129	
215 244 2 7365_at_x04 246135	
216 247 2 7367_at_x15 252538	
217 247 2 7367_at_x13 252550	
218 247 2 7367_at_x10 252640	
220 271 2 7346_at_x10 301671	
221 276 2 7351_at_x00 310928	
222 284 2 7313_at_x09 328489	
227 293 2 7322_at_x11 343931	
228 297 2 7325_at_x10 352257	
229 302 2 7284_at_x12 364851	
230 304 2 7287_at_x11 368060	
230 305 2 7287_at_x11 368060	
231 306 2 7288_at_x00 368991	
232 308 2 7290_at_x01 372509	
234 310 2 7292_at_x13 376668	
235 310 2 7292_at_x05 376872	
236 312 2 7294_at_x13 380926	
237 312 2 7294_at_x14 380932	
238 312 2 7294_at_x15 380938	
239 313 2 7295_at_x14 382536	
240 316 2 7298_at_x05 388862	
241 318 2 7300_at_x14 391856	
242 318 2 7300_at_x03 392138	
243 322 2 7305_at_x01 401568	
244 323 2 7260_at_x08 406888	
247 329 2 7264_at_x08 420366	
248 329 2 7264_at_x03 420528	
249 330 2 7265_at_x05 424450	
250 334 2 7271_at_x04 426887	
251 336 2 7273_at_x15 427674	
252 336 2 7273_at_x14 427675	
253 336 2 7273_at_x13 427676	
254 336 2 7273_at_x12 427677	
255 336 2 7273_at_x11 427678	
256 336 2 7273_at_x07 427683	
261 365 2 7255_at_x06 480009	
262 365 2 7255_at_x07 480015	
263 367 2 7257_at_x09 481439	
264 369 2 7215_at_x08 486640	
264 370 2 7215_at_x08 486640	
265 372 2 7217_at_x04 489202	
266 378 2 7222_at_x09 499012	
267 379 2 7223_at_x07 499889	
268 379 2 7223_at_x06 499895	
269 383 2 2472_s_at_x03 506661	
270 383 2 2473_s_at_x00 507282	
271 383 2 2473_s_at_x02 507428	
272 383 2 2474_s_at_x05 508843	
273 384 2 7228_at_x11 513408	
274 385 2 7229_at_x06 514035	
275 386 2 7230_at_x06 516889	
276 386 2 7230_at_x14 517123	
277 387 2 7231_at_x15 517365	
278 387 2 2479_at_x01 519049	
279 387 2 2481_at_x04 521415	
280 389 2 7233_at_x15 530481	
281 391 2 7235_at_x13 533262	
282 391 2 7235_at_x12 533268	
283 394 2 7193_at_x10 537314	
284 401 2 7200_at_x13 548401	
285 403 2 7202_at_x08 551299	
291 408 2 7207_at_x04 562409	
292 408 2 7207_at_x05 562415	
293 410 2 7209_at_x03 565216	
294 411 2 7210_at_x08 567221	
295 413 2 7212_at_x06 569414	
296 413 2 7212_at_x07 569420	
297 414 2 7213_at_x01 570229	
298 416 2 7170_at_x13 573491	
299 420 2 7174_at_x02 579459	
300 422 2 7176_at_x09 582419	
300 423 2 7176_at_x09 582419	
301 424 2 7178_at_x07 584351	
302 424 2 7178_at_x08 584357	
305 434 2 7187_at_x14 602012	
306 436 2 7189_at_x08 603790	
307 441 2 7148_at_x01 608310	
308 442 2 7149_at_x15 609055	
309 445 2 7152_at_x15 612245	
311 447 2 7154_at_x11 616262	
312 447 2 7154_at_x07 616334	
313 447 2 7154_at_x02 616490	
314 448 2 7155_at_x05 620056	
315 448 2 7155_at_x06 620068	
317 451 2 7157_at_x12 628224	
318 456 2 7163_at_x07 636332	
319 457 2 7164_at_x02 636958	
321 467 2 7128_at_x11 658746	
321 467 2 7128_at_x11 658746	
322 470 2 7132_at_x02 667083	
323 470 2 7132_at_x01 667125	
324 473 2 7135_at_x15 673274	
324 474 2 7135_at_x15 673274	
325 474 2 7136_at_x05 673356	
326 476 2 7138_at_x10 676070	
327 477 2 7139_at_x15 676336	
328 477 2 7139_at_x09 676402	
329 477 2 7139_at_x06 676540	
330 478 2 7140_at_x13 679703	
334 498 2 7114_at_x13 716885	
335 509 2 7079_at_x07 732086	
336 509 2 7079_at_x08 732092	
337 513 2 7083_at_x10 737531	
338 517 2 7039_at_x05 739849	
339 521 2 7089_at_x04 745748	
340 522 2 7090_at_x10 746476	
341 522 2 7090_at_x04 746578	
342 524 2 7092_at_x08 750838	
343 525 2 2428_at_x04 754059	
344 527 2 7096_at_x01 760429	
344 528 2 7096_at_x01 760429	
345 533 2 7101_at_x08 769107	
346 534 2 7057_at_x03 773156	
347 612 3 6960_at_x06 14066	
348 596 3 6929_at_x07 43867	
349 596 3 6929_at_x06 43879	
350 588 3 6893_at_x00 54436	
351 581 3 6900_at_x13 64311	
352 574 3 6906_at_x06 75021	
354 571 3 6908_at_x10 79091	
355 572 3 6802_at_x12 81832	
364 569 3 2437_s_at_x06 91468	
365 569 3 2437_s_at_x07 91496	
366 569 3 6909_at_x00 91977	
367 569 3 6909_at_x03 92013	
368 569 3 6909_at_x05 92127	
369 569 3 6909_at_x06 92151	
370 569 3 6909_at_x07 92157	
371 569 3 6909_at_x08 92199	
372 569 3 6909_at_x09 92241	
373 569 3 6909_at_x10 92247	
374 569 3 6909_at_x11 92277	
375 569 3 6909_at_x12 92337	
376 569 3 6909_at_x15 92391	
377 566 3 6912_at_x09 100213	
378 563 3 6871_at_x02 105042	
379 654 3 6768_at_x07 175799	
380 654 3 6768_at_x06 175802	
381 654 3 6768_at_x05 175808	
382 655 3 2438_at_x03 177850	
383 666 3 6829_at_x01 201166	
384 666 3 6829_at_x02 201167	
385 671 3 6834_at_x15 209932	
386 672 3 6835_at_x15 210748	
387 685 3 6804_at_x14 228125	
388 691 3 6812_at_x10 240265	
389 691 3 6812_at_x07 240331	
390 699 3 6820_at_x05 258267	
391 699 3 6820_at_x06 258303	
392 701 3 6822_at_x02 259721	
393 705 3 6782_at_x12 264124	
393 706 3 6782_at_x12 264124	
394 705 3 6782_at_x08 264274	
394 706 3 6782_at_x08 264274	
395 720 3 6795_at_x08 301446	
396 998 4 6710_at_x08 17718	
397 990 4 6717_at_x15 33214	
398 982 4 6724_at_x13 45364	
398 983 4 6724_at_x13 45364	
399 981 4 6725_at_x14 46292	
400 981 4 6725_at_x13 46310	
401 981 4 6725_at_x12 46316	
402 981 4 6725_at_x11 46322	
403 981 4 6725_at_x10 46328	
404 981 4 6725_at_x09 46370	
405 981 4 6725_at_x08 46436	
406 981 4 6725_at_x07 46442	
407 981 4 6725_at_x06 46448	
408 981 4 6725_at_x05 46466	
409 981 4 6725_at_x04 46478	
410 981 4 6725_at_x03 46508	
411 981 4 6725_at_x02 46568	
412 981 4 6725_at_x01 46616	
415 974 4 6687_at_x14 62319	
415 975 4 6687_at_x14 62319	
416 974 4 6687_at_x13 62325	
416 975 4 6687_at_x13 62325	
417 971 4 6691_at_x12 68082	
418 970 4 6692_at_x05 69264	
419 969 4 6693_at_x07 70901	
420 968 4 6694_at_x04 74695	
421 968 4 6694_at_x03 74707	
423 966 4 6696_at_x00 78583	
424 965 4 6697_at_x14 79321	
425 965 4 6697_at_x07 79381	
426 965 4 6697_at_x06 79393	
428 964 4 6698_at_x08 85846	
429 964 4 6698_at_x09 85852	
430 961 4 6701_at_x14 89821	
431 958 4 6704_at_x04 95437	
432 958 4 6704_at_x07 95527	
433 957 4 6705_at_x09 96259	
434 957 4 6705_at_x08 96271	
435 954 4 6663_at_x04 100720	
436 950 4 6667_at_x06 106892	
437 948 4 6669_at_x14 114155	
438 947 4 6670_at_x08 115570	
439 943 4 6674_at_x11 122293	
440 931 4 6685_at_x14 137412	
441 930 4 6641_at_x02 138850	
442 928 4 6643_at_x15 141248	
443 928 4 6643_at_x06 141500	
444 928 4 6643_at_x01 141608	
445 927 4 6644_at_x01 143910	
446 922 4 2413_at_x00 150743	
447 922 4 2416_at_x04 154436	
448 922 4 2417_at_x06 155454	
449 918 4 6653_at_x11 161196	
450 916 4 6655_at_x03 164444	
451 915 4 6656_at_x15 165026	
452 915 4 6656_at_x14 165032	
453 905 4 6620_at_x15 178037	
454 902 4 6623_at_x08 183009	
454 903 4 6623_at_x08 183009	
455 902 4 6623_at_x09 183015	
455 903 4 6623_at_x09 183015	
456 900 4 6624_at_x01 183753	
456 901 4 6624_at_x01 183753	
457 900 4 6624_at_x00 183759	
457 901 4 6624_at_x00 183759	
458 900 4 6625_at_x00 184214	
459 899 4 6626_at_x11 187791	
460 898 4 6627_at_x08 188469	
461 897 4 6628_at_x15 192248	
462 893 4 6632_at_x05 201395	
464 889 4 6636_at_x07 211612	
468 885 4 6639_at_x02 219120	
469 885 4 6639_at_x01 219126	
470 883 4 6595_at_x02 223324	
471 881 4 6596_at_x01 226317	
472 867 4 6612_at_x15 246738	
473 865 4 6614_at_x06 251013	
474 864 4 6615_at_x01 253395	
475 859 4 6574_at_x01 262796	
476 858 4 6575_at_x00 263770	
477 851 4 6582_at_x05 273840	
478 851 4 6582_at_x04 273846	
479 850 4 6583_at_x15 275191	
480 849 4 6584_at_x03 279790	
481 848 4 6585_at_x00 280692	
482 847 4 6586_at_x15 282149	
483 844 4 6589_at_x13 285470	
484 841 4 6592_at_x14 289639	
485 836 4 6552_at_x04 297977	
486 832 4 6556_at_x08 304683	
489 755 4 6496_at_x06 432483	
489 756 4 6496_at_x06 432483	
490 754 4 6498_at_x07 433094	
491 753 4 6499_at_x04 433589	
492 753 4 6499_at_x08 433697	
499 750 4 6502_at_x12 441060	
500 748 4 6459_at_x03 445993	
501 748 4 6459_at_x11 446125	
502 747 4 6460_at_x05 447343	
503 747 4 6460_at_x04 447355	
504 1005 4 6462_at_x15 450230	
507 1014 4 6471_at_x08 465157	
508 1014 4 6471_at_x00 465337	
509 1019 4 6476_at_x03 478080	
510 1038 4 6448_at_x15 509811	
511 1038 4 6448_at_x14 509817	
514 1044 4 6453_at_x15 527445	
515 1044 4 6453_at_x14 527455	
516 1044 4 6453_at_x13 527457	
517 1044 4 6453_at_x12 527458	
518 1044 4 6453_at_x11 527460	
519 1044 4 6453_at_x10 527461	
520 1044 4 6453_at_x09 527463	
521 1044 4 6453_at_x08 527484	
522 1044 4 6453_at_x07 527496	
523 1044 4 6453_at_x06 527499	
524 1044 4 6453_at_x05 527508	
525 1044 4 6453_at_x04 527509	
526 1044 4 6453_at_x03 527511	
527 1044 4 6453_at_x02 527512	
528 1044 4 6453_at_x01 527514	
529 1044 4 6453_at_x00 527517	
530 1055 4 6418_at_x13 555043	
531 1064 4 6427_at_x03 568122	
532 1065 4 6428_at_x12 569429	
533 1066 4 6429_at_x02 573400	
534 1070 4 6433_at_x13 579813	
535 1072 4 6435_at_x09 582121	
536 1072 4 6435_at_x08 582127	
537 1072 4 6435_at_x06 582139	
538 1072 4 6435_at_x04 582211	
539 1140 4 6323_at_x15 720990	
540 1142 4 6325_at_x10 723155	
541 1146 4 6329_at_x08 733875	
542 1151 4 6335_at_x13 744330	
543 1151 4 6335_at_x09 744522	
544 1171 4 6310_at_x14 782114	
547 1185 4 6279_at_x10 818354	
548 1188 4 6282_at_x03 825418	
549 1200 4 6294_at_x12 843659	
550 1214 4 6263_at_x09 864542	
552 1238 4 6242_at_x13 926394	
552 1239 4 6242_at_x13 926394	
553 1240 4 6243_at_x06 928745	
554 1241 4 6244_at_x05 929769	
555 1241 4 6244_at_x00 929895	
556 1243 4 6246_at_x13 935079	
557 1259 4 6216_at_x02 962693	
558 1259 4 6216_at_x14 962969	
559 1260 4 6217_at_x08 963733	
560 1260 4 6217_at_x10 963769	
561 1267 4 6224_at_x00 975086	
563 1297 4 6164_at_x00 1039379	
563 1298 4 6164_at_x00 1039379	
565 1326 4 6149_at_x15 1104919	
566 1327 4 6150_at_x06 1105243	
568 1330 4 6152_at_x13 1109729	
569 1345 4 6121_at_x01 1144476	
571 1361 4 6137_at_x10 1181160	
572 1364 4 6095_at_x06 1185630	
573 1366 4 6097_at_x14 1188862	
574 1378 4 6109_at_x15 1213416	
575 1396 4 6081_at_x10 1240155	
576 1396 4 6081_at_x06 1240245	
577 1414 4 6053_at_x12 1272737	
577 1415 4 6053_at_x12 1272737	
578 1418 4 6056_at_x14 1278400	
579 1422 4 6060_at_x01 1291675	
580 1433 4 2334_s_at_x03 1310380	
581 1436 4 6029_at_x13 1318073	
582 1438 4 6031_at_x02 1321550	
583 1454 4 6048_at_x15 1344550	
584 1454 4 6048_at_x08 1344670	
585 1483 4 5984_at_x08 1400033	
586 1487 4 5988_at_x06 1407833	
587 1488 4 5989_at_x07 1409829	
588 1494 4 5995_at_x12 1418647	
589 1509 4 5965_at_x13 1441486	
590 1510 4 5966_at_x12 1443904	
591 1510 4 5966_at_x11 1443910	
592 1516 4 5972_at_x14 1455131	
593 1516 4 5972_at_x01 1455509	
594 1518 4 5974_at_x13 1456748	
595 1521 4 5978_at_x03 1468373	
595 1522 4 5978_at_x03 1468373	
596 1526 4 5937_at_x09 1471224	
597 1526 4 5937_at_x10 1471260	
598 1527 4 5938_at_x04 1471859	
599 1528 4 5939_at_x03 1474479	
600 1528 4 5939_at_x04 1474482	
601 1528 4 5939_at_x05 1474485	
602 1528 4 5939_at_x08 1474566	
603 1528 4 5939_at_x12 1474677	
604 1528 4 5939_at_x13 1474686	
605 1535 4 5946_at_x00 1484268	
606 1537 4 5925_at_x15 1488917	
607 1542 4 5950_at_x13 1491116	
607 1543 4 5950_at_x13 1491116	
608 1542 4 5950_at_x12 1491146	
608 1543 4 5950_at_x12 1491146	
609 1544 4 5952_at_x08 1495582	
610 1546 4 5954_at_x03 1497132	
611 1547 4 5955_at_x12 1499294	
615 1550 4 5913_at_x15 1503330	
616 1551 4 5914_at_x00 1507292	
617 1553 4 5916_at_x13 1510883	
618 1553 4 5917_at_x01 1511257	
618 1554 4 5917_at_x01 1511257	
619 1560 4 3357_at_x12 1525327	
620 1648 5 5808_i_at_x00 5393	
621 1648 5 5808_i_at_x01 5394	
622 1648 5 5808_i_at_x02 5395	
623 1648 5 5808_i_at_x03 5396	
624 1648 5 5808_i_at_x04 5397	
625 1648 5 5808_i_at_x05 5398	
626 1648 5 5808_i_at_x06 5399	
627 1648 5 5808_i_at_x07 5400	
628 1647 5 5809_i_at_x02 6335	
632 1644 5 5813_at_x00 17399	
633 1641 5 5814_at_x01 25912	
634 1641 5 5814_at_x00 25918	
635 1638 5 5769_at_x01 29073	
636 1637 5 5770_at_x06 30051	
637 1637 5 5770_at_x05 30057	
638 1633 5 5774_at_x04 40306	
639 1631 5 5775_at_x15 42414	
640 1631 5 5775_at_x14 42420	
641 1630 5 5777_at_x02 44605	
642 1630 5 5777_at_x03 44611	
643 1630 5 5777_at_x04 44617	
644 1630 5 5777_at_x10 44761	
646 1628 5 5779_at_x08 48107	
647 1627 5 5780_at_x10 48605	
648 1627 5 5780_at_x07 48665	
649 1627 5 5780_at_x00 48845	
650 1614 5 5747_at_x04 73010	
651 1610 5 5751_at_x15 79647	
652 1610 5 5751_at_x13 79653	
653 1597 5 5762_at_x11 99004	
654 1592 5 2276_at_x03 109310	
655 1590 5 5724_at_x00 116530	
656 1590 5 5724_at_x01 116554	
657 1590 5 5724_at_x04 116644	
658 1590 5 5724_at_x06 116680	
659 1590 5 5724_at_x07 116686	
660 1590 5 5724_at_x08 116716	
661 1590 5 5724_at_x09 116722	
662 1590 5 5724_at_x10 116812	
663 1590 5 5724_at_x11 116824	
664 1590 5 5724_at_x12 116830	
669 1660 5 5706_at_x13 166032	
670 1660 5 5706_at_x14 166038	
671 1668 5 5714_at_x03 183958	
673 1674 5 5719_at_x06 193876	
674 1674 5 5719_at_x13 194101	
675 1673 5 5720_at_x02 194496	
676 1673 5 5720_at_x01 194502	
681 1675 5 5721_at_x05 196190	
682 1675 5 5721_at_x06 196196	
683 1675 5 5721_at_x11 196352	
684 1677 5 5723_at_x06 200734	
685 1677 5 5723_at_x07 200740	
686 1677 5 5723_at_x13 200848	
687 1677 5 5723_at_x14 200854	
688 1678 5 5678_at_x00 201477	
689 1681 5 5681_at_x09 207819	
690 1683 5 5683_at_x05 210999	
691 1688 5 5688_at_x05 218250	
692 1690 5 5690_at_x09 222998	
693 1690 5 5690_at_x10 223004	
703 1692 5 5692_at_x05 226497	
704 1692 5 5692_at_x06 226503	
705 1697 5 5695_at_x09 231726	
706 1698 5 5696_at_x10 234629	
707 1703 5 5656_at_x13 240105	
708 1704 5 5499_at_x00 243215	
709 1704 5 5499_at_x01 243221	
710 1704 5 5499_at_x02 243299	
711 1704 5 5657_at_x04 243299	
712 1704 5 5499_at_x03 243305	
713 1706 5 5658_at_x15 243823	
714 1706 5 5658_at_x14 243829	
715 1706 5 5658_at_x09 243979	
716 1706 5 5658_at_x06 244117	
723 1742 5 5649_at_x12 312672	
724 1748 5 5653_at_x05 321618	
725 1748 5 5653_at_x07 321708	
726 1748 5 5653_at_x08 321714	
727 1756 5 5615_at_x14 332264	
727 1758 5 5615_at_x14 332264	
728 1759 5 5617_at_x13 333252	
729 1769 5 5626_at_x00 350744	
730 1790 5 5601_at_x14 395442	
731 1804 5 5569_at_x12 420595	
733 1807 5 2284_at_x06 426429	
735 1821 5 5584_at_x06 458085	
736 1830 5 5544_at_x08 468641	
737 1836 5 2298_at_x03 480051	
738 1837 5 5550_at_x06 483538	
740 1842 5 5555_at_x09 500783	
741 1842 5 5555_at_x08 500789	
744 1846 5 5558_at_x07 511793	
745 1850 5 5562_at_x02 525380	
746 1853 5 2308_at_x07 530758	
747 1853 5 2224_at_x00 532188	
748 1853 5 2227_at_x01 535290	
749 1856 5 5522_at_x00 538875	
751 1861 5 5528_at_x11 549142	
752 1864 5 5531_at_x15 553222	
753 1866 5 5533_at_x00 556725	
754 1867 5 5534_at_x02 560016	
755 1867 5 5534_at_x03 560022	
756 1868 5 5535_at_x11 561804	
757 1868 5 5535_at_x08 561864	
758 1871 5 5537_at_x01 568440	
759 1871 5 5537_at_x02 568473	
760 1871 5 5537_at_x03 568500	
761 1871 5 5537_at_x04 568536	
762 1871 5 5537_at_x05 568566	
763 1871 5 5537_at_x06 568629	
764 1871 5 5537_at_x07 568641	
765 1871 5 5537_at_x08 568650	
766 1871 5 5537_at_x09 568668	
767 1871 5 5537_at_x10 568674	
768 1871 5 5537_at_x11 568686	
769 1871 5 5537_at_x12 568698	
770 1871 5 5537_at_x13 568710	
771 1871 5 5537_at_x14 568716	
772 1871 5 5537_at_x15 568734	
773 1944 6 3326_at_x07 5152	
774 1944 6 3326_at_x08 5153	
784 1937 6 5424_at_x15 15106	
785 1937 6 5424_at_x00 15195	
786 1936 6 5425_at_x05 18384	
787 1936 6 5425_at_x10 18546	
788 1936 6 5425_at_x11 18552	
792 1932 6 5429_at_x02 30378	
793 1931 6 5430_at_x11 33334	
794 1931 6 5430_at_x01 33688	
795 1930 6 5431_at_x14 38648	
796 1928 6 5433_at_x10 42341	
797 1926 6 5435_at_x15 43666	
798 1926 6 5435_at_x14 43672	
799 1926 6 5435_at_x13 43678	
800 1925 6 5389_at_x12 44741	
801 1925 6 5389_at_x11 44753	
802 1925 6 5389_at_x10 44771	
803 1924 6 5312_s_at_x13 45766	
807 1919 6 5394_at_x11 57455	
808 1914 6 2230_at_x00 70818	
809 1914 6 2230_at_x02 71010	
811 1912 6 5318_s_at_x05 75460	
812 1910 6 5401_at_x10 78241	
813 1909 6 5402_at_x11 79482	
814 1908 6 5403_at_x12 80521	
815 1907 6 5404_at_x06 83559	
816 1906 6 5405_at_x07 84397	
817 1906 6 5405_at_x06 84403	
818 1899 6 5411_at_x14 100263	
819 1899 6 5411_at_x10 100365	
820 1899 6 5411_at_x09 100371	
821 1899 6 5411_at_x04 100521	
835 1895 6 5370_at_x07 104931	
836 1892 6 5372_at_x03 107364	
837 1879 6 5384_at_x08 134096	
838 1879 6 5384_at_x14 134252	
848 1950 6 5388_at_x13 149608	
849 1952 6 5345_at_x10 152824	
850 1953 6 5346_at_x05 153963	
851 1957 6 5350_at_x09 161065	
852 1960 6 5353_at_x00 167184	
853 1961 6 5354_at_x08 168336	
854 1961 6 5354_at_x09 168342	
855 1961 6 5354_at_x10 168354	
859 1964 6 5356_at_x15 172572	
860 1964 6 5356_at_x14 172578	
861 1964 6 5356_at_x13 172602	
862 1965 6 5357_at_x01 174552	
863 1966 6 5358_at_x11 177239	
864 1966 6 5358_at_x07 177323	
865 1976 6 5323_at_x14 205881	
866 1976 6 5323_at_x13 205893	
867 1976 6 5323_at_x03 206151	
868 1977 6 5324_at_x02 208006	
869 1978 6 5325_at_x05 208654	
870 1987 6 5334_at_x15 226146	
871 1987 6 5334_at_x14 226158	
872 1987 6 5334_at_x02 226356	
873 1990 6 5336_at_x09 227675	
874 1992 6 5338_at_x08 232259	
875 1992 6 5338_at_x07 232265	
877 1995 6 5341_at_x03 238758	
878 1996 6 5342_at_x05 239482	
879 1997 6 5343_at_x02 240336	
880 1998 6 5299_at_x14 242876	
881 2000 6 5301_at_x13 244292	
882 2007 6 5307_at_x14 253690	
883 2007 6 5307_at_x13 253696	
884 2007 6 5307_at_x11 253738	
885 2010 6 5309_at_x15 263989	
886 2290 7 5297_at_x09 3714	
895 2284 7 5254_i_at_x00 11643	
896 2284 7 5254_i_at_x01 11644	
897 2283 7 5256_at_x15 12507	
898 2283 7 5256_at_x07 12849	
899 2283 7 5256_at_x00 12939	
900 2282 7 5257_at_x00 15891	
912 2281 7 2252_g_at_x05 21177	
913 2281 7 2252_g_at_x07 21281	
914 2280 7 5259_at_x15 23129	
915 2268 7 5271_at_x02 44996	
917 2261 7 5233_at_x03 55458	
917 2262 7 5233_at_x03 55458	
918 2261 7 5233_at_x04 55464	
918 2262 7 5233_at_x04 55464	
919 2254 7 5241_at_x12 69250	
920 2251 7 5243_at_x06 73036	
921 2252 7 5244_at_x04 73452	
922 2252 7 5244_at_x05 73488	
923 2241 7 5208_at_x01 85112	
923 2242 7 5208_at_x01 85112	
924 2236 7 5214_at_x05 92848	
925 2236 7 5214_at_x08 92896	
927 2233 7 5217_at_x03 98231	
928 2233 7 5217_at_x07 98327	
929 2233 7 5217_at_x08 98333	
930 2232 7 5218_at_x13 101926	
931 2231 7 2256_at_x01 105279	
932 2230 7 5220_at_x02 110086	
938 2229 7 5221_at_x11 111785	
939 2226 7 5224_at_x14 117900	
940 2222 7 5228_at_x05 128898	
941 2222 7 5228_at_x15 129150	
946 2220 7 2263_g_at_x07 131948	
947 2220 7 2264_s_at_x03 132483	
948 2220 7 2265_s_at_x02 133293	
949 2220 7 2265_s_at_x05 133647	
950 2220 7 2180_s_at_x02 134316	
951 2220 7 2181_s_at_x03 135426	
952 2220 7 5184_at_x02 139173	
953 2220 7 5184_at_x09 139347	
954 2220 7 5184_at_x13 139383	
955 2220 7 5184_at_x14 139389	
957 2218 7 5186_at_x13 141949	
958 2218 7 5186_at_x12 141955	
959 2217 7 5187_at_x08 143756	
960 2217 7 5187_at_x09 143762	
961 2202 7 5202_at_x00 167587	
961 2203 7 5202_at_x00 167587	
962 2201 7 5204_at_x04 171769	
963 2198 7 2186_at_x01 177157	
964 2196 7 5164_at_x04 183714	
965 2194 7 5166_at_x10 187179	
966 2194 7 5166_at_x11 187185	
967 2193 7 5167_at_x04 187567	
968 2193 7 5167_at_x05 187570	
969 2192 7 5167_at_x09 187684	
969 2193 7 5167_at_x09 187684	
970 2189 7 5171_at_x12 192140	
971 2185 7 5175_at_x11 202131	
972 2159 7 5154_at_x15 256953	
973 2136 7 5131_at_x08 301131	
974 2135 7 5132_at_x07 301813	
975 2128 7 5094_at_x08 311205	
976 2126 7 5096_at_x10 312740	
977 2093 7 5084_at_x13 375499	
977 2094 7 5084_at_x13 375499	
978 2078 7 5054_at_x01 402833	
979 2078 7 5054_at_x02 402835	
980 2078 7 5054_at_x03 402841	
981 2078 7 5054_at_x04 402849	
982 2078 7 5054_at_x05 402851	
983 2078 7 5054_at_x06 402853	
984 2078 7 5054_at_x08 402871	
985 2078 7 5054_at_x09 402875	
986 2078 7 5054_at_x10 402879	
987 2078 7 5054_at_x11 402881	
988 2078 7 5054_at_x12 402883	
989 2078 7 5054_at_x13 402885	
990 2078 7 5054_at_x14 402891	
991 2078 7 5054_at_x15 402893	
992 2077 7 5055_at_x04 403512	
993 2077 7 5055_at_x08 403536	
994 2077 7 5055_at_x09 403542	
995 2077 7 5055_at_x12 403626	
996 2077 7 5055_at_x13 403632	
997 2077 7 5055_at_x14 403638	
998 2076 7 5056_at_x00 403920	
999 2076 7 5056_at_x01 403921	
1000 2076 7 5056_at_x02 403922	
1001 2076 7 5056_at_x03 403923	
1002 2076 7 5056_at_x04 403924	
1003 2076 7 5056_at_x05 403925	
1004 2076 7 5056_at_x06 403926	
1005 2073 7 5059_at_x10 410146	
1006 2071 7 5061_at_x01 414484	
1007 2070 7 5062_at_x11 415585	
1008 2063 7 5024_at_x11 425445	
1009 2062 7 5025_at_x05 427476	
1010 2060 7 5027_at_x06 431858	
1011 2060 7 5027_at_x05 431864	
1012 2058 7 5029_at_x07 435864	
1013 2049 7 5038_at_x05 449898	
1013 2050 7 5038_at_x05 449898	
1014 2045 7 5042_at_x13 457215	
1015 2043 7 5044_at_x08 459354	
1016 2042 7 5045_at_x01 460945	
1017 2028 7 5013_at_x15 490784	
1019 2292 7 5019_at_x05 498659	
1020 2292 7 5019_at_x04 498665	
1021 2293 7 5020_at_x08 502131	
1022 2296 7 5023_at_x00 506254	
1023 2302 7 4985_at_x15 514308	
1024 2307 7 4990_at_x00 524216	
1025 2312 7 4995_at_x06 529376	
1025 2313 7 4995_at_x06 529376	
1026 2313 7 4996_at_x03 530473	
1027 2318 7 4956_at_x13 543259	
1028 2322 7 4959_at_x15 553877	
1028 2322 7 4959_at_x15 553877	
1029 2325 7 4961_at_x09 557230	
1030 2325 7 4961_at_x08 557236	
1031 2341 7 4977_at_x13 592983	
1032 2358 7 4949_at_x12 625404	
1033 2378 7 4924_at_x10 656248	
1035 2394 7 4894_at_x13 697537	
1036 2394 7 4894_at_x12 697543	
1037 2394 7 4894_at_x11 697549	
1038 2399 7 4899_at_x00 705697	
1080 2439 7 4848_at_x02 787743	
1081 2439 7 4848_at_x01 787746	
1082 2440 7 4849_at_x04 790117	
1083 2441 7 4850_at_x02 790857	
1084 2442 7 4852_s_at_x05 794884	
1084 2443 7 4852_s_at_x05 794884	
1085 2443 7 4853_at_x01 795132	
1086 2443 7 4853_at_x00 795152	
1087 2448 7 4858_at_x11 804945	
1088 2449 7 4859_at_x14 805403	
1089 2449 7 4859_at_x13 805409	
1093 2460 7 4823_at_x00 833786	
1094 2471 7 4834_at_x11 853749	
1095 2471 7 4834_at_x10 853863	
1096 2473 7 4836_at_x08 858473	
1097 2474 7 4837_at_x12 858604	
1098 2476 7 2142_at_x01 860467	
1099 2476 7 2142_at_x03 860665	
1100 2476 7 2143_at_x02 861935	
1101 2476 7 2147_at_x01 865575	
1102 2482 7 4800_at_x15 880301	
1103 2482 7 4800_at_x12 880379	
1104 2483 7 4801_at_x10 881977	
1105 2486 7 4804_at_x15 886111	
1106 2487 7 4805_at_x15 889602	
1107 2492 7 4810_at_x09 900134	
1110 2499 7 4817_at_x04 911217	
1111 2500 7 4818_at_x05 912558	
1112 2501 7 4774_at_x06 913059	
1113 2501 7 4774_at_x05 913065	
1114 2501 7 4774_at_x04 913077	
1115 2503 7 4776_at_x05 916471	
1116 2503 7 4776_at_x14 916675	
1118 2514 7 4788_at_x00 940458	
1119 2514 7 4788_at_x07 940590	
1120 2514 7 4788_at_x12 940716	
1121 2517 7 4791_at_x07 946196	
1122 2519 7 4793_at_x02 948578	
1123 2519 7 4793_at_x03 948590	
1124 2522 7 4796_at_x03 951969	
1125 2522 7 4796_at_x07 952041	
1126 2522 7 4796_at_x08 952065	
1127 2524 7 4752_at_x09 954456	
1128 2525 7 4753_at_x15 954692	
1129 2525 7 2158_at_x06 956838	
1135 2539 7 4767_at_x06 985414	
1138 2543 7 4771_at_x08 995892	
1143 2571 7 4708_at_x08 1048152	
1144 2573 7 4710_at_x00 1051340	
1149 2576 7 4713_at_x06 1059187	
1150 2579 7 4716_at_x15 1063841	
1151 2581 7 4718_at_x02 1071420	
1152 2582 7 4719_at_x02 1074345	
1153 2582 7 4720_at_x04 1075580	
1153 2583 7 4720_at_x04 1075580	
1154 2588 7 3234_at_x15 1081936	
1155 2588 7 3234_at_x14 1081939	
1156 2588 7 3234_at_x13 1081945	
1157 2588 7 3234_at_x12 1081946	
1158 2588 7 3234_at_x11 1081948	
1159 2588 7 3234_at_x10 1081949	
1160 2588 7 3234_at_x09 1081951	
1161 2588 7 3234_at_x08 1081961	
1162 2588 7 3234_at_x07 1081963	
1163 2588 7 3234_at_x06 1081964	
1164 2588 7 3234_at_x05 1081966	
1165 2588 7 3234_at_x02 1081975	
1166 2588 7 3234_at_x01 1081976	
1167 2588 7 3234_at_x00 1081978	
1185 2647 8 3189_i_at_x01 6524	
1186 2647 8 3189_i_at_x02 6525	
1187 2647 8 3189_i_at_x05 6528	
1188 2647 8 3189_i_at_x06 6529	
1189 2647 8 3189_i_at_x07 6530	
1190 2647 8 3189_i_at_x08 6531	
1191 2647 8 3189_i_at_x10 6533	
1192 2647 8 3189_i_at_x11 6534	
1193 2647 8 3188_at_x01 7028	
1194 2647 8 3188_at_x02 7029	
1195 2647 8 3188_at_x03 7030	
1196 2647 8 3188_at_x04 7031	
1197 2647 8 3188_at_x05 7032	
1198 2647 8 3188_at_x06 7033	
1199 2647 8 3188_at_x07 7034	
1200 2647 8 3188_at_x08 7035	
1201 2647 8 3188_at_x09 7036	
1202 2647 8 3188_at_x10 7039	
1203 2647 8 3188_at_x11 7049	
1204 2647 8 3188_at_x12 7050	
1205 2647 8 3188_at_x13 7051	
1206 2647 8 3188_at_x14 7054	
1207 2647 8 3188_at_x15 7055	
1208 2646 8 4562_at_x15 8390	
1209 2646 8 4562_at_x14 8396	
1210 2646 8 4562_at_x13 8414	
1211 2646 8 4562_at_x11 8498	
1212 2646 8 4562_at_x10 8516	
1213 2646 8 4562_at_x09 8564	
1214 2646 8 4562_at_x08 8624	
1215 2646 8 4562_at_x07 8636	
1216 2646 8 4562_at_x05 8648	
1217 2646 8 4562_at_x04 8684	
1218 2646 8 4562_at_x02 8726	
1219 2646 8 4562_at_x01 8762	
1220 2646 8 4562_at_x00 8774	
1221 2642 8 4564_at_x03 13926	
1222 2642 8 4564_at_x04 13932	
1223 2642 8 4564_at_x05 13956	
1224 2642 8 4564_at_x09 14136	
1225 2641 8 4565_at_x00 14953	
1226 2639 8 4567_at_x07 17636	
1227 2638 8 4568_at_x14 19171	
1228 2626 8 2105_s_at_x07 45098	
1229 2625 8 4579_at_x15 46007	
1232 2618 8 4540_at_x01 63314	
1233 2618 8 4540_at_x00 63386	
1234 2612 8 4545_at_x13 71742	
1235 2611 8 4546_at_x04 72233	
1236 2607 8 4550_at_x02 80014	
1237 2607 8 4550_at_x03 80026	
1238 2607 8 4550_at_x04 80068	
1239 2604 8 4553_at_x00 84437	
1240 2603 8 4554_at_x03 92960	
1241 2603 8 4554_at_x02 92978	
1242 2603 8 4554_at_x00 93002	
1243 2602 8 4555_at_x10 95289	
1244 2602 8 4555_at_x08 95313	
1245 2602 8 4555_at_x01 95469	
1246 2600 8 4556_at_x05 98513	
1254 2662 8 4530_at_x00 128732	
1255 2663 8 4531_at_x10 130097	
1256 2667 8 4535_at_x14 137221	
1257 2667 8 4535_at_x13 137227	
1258 2667 8 4535_at_x12 137233	
1259 2669 8 4537_at_x14 140058	
1260 2673 8 4495_at_x03 149336	
1261 2673 8 4495_at_x04 149342	
1262 2673 8 4495_at_x07 149510	
1263 2673 8 4495_at_x13 149618	
1263 2674 8 4495_at_x13 149618	
1264 2673 8 4496_at_x14 149652	
1264 2674 8 4496_at_x14 149652	
1265 2674 8 4496_at_x06 149940	
1266 2674 8 2107_at_x02 150330	
1267 2675 8 2109_g_at_x02 151814	
1268 2675 8 2110_s_at_x07 152932	
1269 2675 8 2112_s_at_x01 154225	
1270 2675 8 2112_s_at_x05 154669	
1271 2675 8 2113_s_at_x00 155178	
1272 2675 8 2114_s_at_x03 156412	
1274 2679 8 4501_at_x05 161987	
1282 2686 8 4507_at_x08 176412	
1283 2686 8 4507_at_x13 176670	
1284 2687 8 4508_at_x14 176994	
1285 2692 8 4513_at_x10 185012	
1286 2692 8 4513_at_x10 185882	
1287 2694 8 4469_at_x04 188671	
1288 2694 8 4469_at_x09 188851	
1289 2697 8 4472_s_at_x03 193175	
1292 2705 8 4480_at_x12 209167	
1293 2705 8 4480_at_x15 209245	
1294 2709 8 4484_s_at_x02 213595	
1295 2717 8 4489_at_x00 221933	
1296 2719 8 4491_at_x08 224267	
1297 2757 8 4431_at_x09 293131	
1298 2761 8 2128_s_at_x04 312183	
1299 2761 8 2129_s_at_x04 313108	
1300 2766 8 4442_at_x03 324050	
1301 2777 8 4408_at_x08 340251	
1302 2811 8 4395_at_x11 389044	
1303 2811 8 4395_at_x10 389047	
1304 2811 8 4395_at_x09 389050	
1305 2811 8 4395_at_x00 389176	
1306 2817 8 4356_at_x12 399409	
1310 2831 8 4370_at_x04 430123	
1311 2834 8 4372_at_x00 439711	
1312 2834 8 4372_at_x01 439723	
1313 2835 8 4373_at_x10 441790	
1314 2844 8 4337_at_x04 457580	
1315 2877 8 4321_at_x08 518539	
1318 2879 8 4322_at_x02 521046	
1319 2880 8 11396_g_at_x00 525546	
1320 2880 8 11396_g_at_x02 525555	
1321 2880 8 11396_g_at_x05 525664	
1322 2880 8 11396_g_at_x06 525668	
1323 2880 8 11396_g_at_x07 525673	
1326 3074 9 4282_f_at_x04 19607	
1327 3074 9 4282_f_at_x05 19616	
1328 3074 9 4281_i_at_x00 19620	
1329 3074 9 4282_f_at_x06 19627	
1330 3074 9 4282_f_at_x07 19641	
1331 3074 9 4282_f_at_x08 19650	
1336 3069 9 4285_at_x06 31216	
1337 3068 9 4237_at_x12 33795	
1338 3068 9 4237_at_x11 33801	
1339 3068 9 4237_at_x10 33807	
1340 3065 9 4043_s_at_x15 38608	
1341 3062 9 4242_at_x09 45863	
1342 3062 9 4242_at_x10 45866	
1343 3061 9 4243_at_x03 46549	
1344 3061 9 4243_at_x05 46561	
1345 3060 9 4244_at_x07 47053	
1346 3052 9 4251_at_x08 61273	
1347 3052 9 4251_at_x02 61459	
1348 3050 9 4253_i_at_x00 68997	
1349 3048 9 4255_at_x03 74540	
1350 3047 9 4256_at_x15 76380	
1351 3046 9 4257_at_x00 79793	
1352 3046 9 4257_at_x05 79820	
1353 3046 9 4257_at_x06 79823	
1354 3044 9 4259_at_x14 84805	
1355 3041 9 4216_at_x04 87577	
1356 3040 9 4217_at_x08 88155	
1357 3034 9 4223_at_x03 98949	
1358 3034 9 4223_at_x02 98952	
1359 3034 9 4223_at_x01 98955	
1360 3034 9 4223_at_x00 98958	
1361 3032 9 4225_at_x05 101011	
1362 3022 9 4235_at_x10 133663	
1363 3022 9 4235_at_x11 133693	
1364 3022 9 4235_at_x12 133699	
1365 3020 9 4192_at_x12 136845	
1369 3018 9 4194_at_x00 141014	
1370 3012 9 4199_at_x06 154733	
1372 2991 9 4174_at_x10 190794	
1373 2991 9 4174_at_x11 190800	
1374 2991 9 4174_at_x15 190866	
1375 2990 9 4175_at_x00 191491	
1376 2988 9 4177_at_x08 195965	
1377 2988 9 4177_at_x12 196145	
1378 2987 9 4178_at_x14 197948	
1379 2985 9 4180_at_x06 200332	
1381 2979 9 4186_at_x12 214482	
1382 2964 9 4045_s_at_x07 238345	
1383 2962 9 4153_at_x08 242417	
1384 2961 9 4154_at_x07 242934	
1385 2959 9 4156_at_x06 244902	
1386 2957 9 4157_at_x00 246551	
1386 2958 9 4157_at_x00 246551	
1387 2954 9 4161_at_x00 251495	
1388 2954 9 4161_at_x02 251537	
1389 2952 9 4163_at_x11 254745	
1390 2949 9 4166_at_x10 257943	
1391 2948 9 4167_at_x07 259533	
1394 2942 9 4126_at_x01 272372	
1395 2940 9 4128_at_x12 274199	
1396 2937 9 4131_at_x05 277908	
1397 2934 9 4134_at_x01 283468	
1398 2931 9 4137_at_x06 289503	
1399 2926 9 4141_at_x01 296453	
1400 2919 9 4101_at_x08 308848	
1401 2919 9 4101_at_x07 308854	
1402 2909 9 4109_at_x12 323975	
1412 2904 9 4114_at_x00 334195	
1413 2904 9 4114_at_x02 334243	
1414 2902 9 4118_at_x07 341216	
1415 3084 9 4084_at_x02 362631	
1416 3084 9 4084_at_x07 362715	
1417 3087 9 11432_at_x03 369587	
1418 3088 9 11436_s_at_x01 372093	
1423 3102 9 4041_at_x02 394278	
1424 3105 9 4057_at_x05 398074	
1425 3106 9 4058_at_x11 399057	
1426 3109 9 4060_at_x03 403134	
1427 3111 9 4062_at_x08 405130	
1428 3111 9 4062_at_x07 405136	
1429 3113 9 4064_at_x02 410028	
1430 3118 9 4068_at_x07 415311	
1431 3119 9 4069_at_x15 419418	
1432 3120 9 4070_at_x12 419722	
1433 3120 9 4070_at_x01 420076	
1435 3126 9 4075_at_x02 430910	
1436 3129 9 4077_at_x15 435398	
1437 3129 9 4077_at_x14 435404	
1438 3129 9 4077_at_x13 435410	
1439 3129 9 4077_at_x11 435434	
1440 3129 9 4077_at_x10 435440	
1441 3129 9 4077_at_x09 435446	
1442 3129 9 4077_at_x07 435494	
1443 3129 9 4077_at_x06 435530	
1444 3129 9 4077_at_x05 435536	
1445 3129 9 4077_at_x02 435644	
1446 3129 9 4077_at_x01 435674	
1447 3130 9 4078_i_at_x04 437051	
1448 3130 9 4078_i_at_x03 437052	
1449 3130 9 4078_i_at_x02 437053	
1450 3130 9 4078_i_at_x01 437054	
1451 3130 9 4078_i_at_x00 437055	
1452 3130 9 4032_f_at_x15 437056	
1453 3130 9 4032_f_at_x14 437057	
1454 3130 9 4032_f_at_x13 437060	
1455 3130 9 4032_f_at_x12 437061	
1456 3130 9 4032_f_at_x11 437062	
1457 3130 9 4032_f_at_x10 437063	
1458 3358 10 11254_at_x00 22213	
1459 3358 10 11254_at_x01 22225	
1460 3358 10 11254_at_x02 22267	
1461 3358 10 11254_at_x03 22273	
1462 3358 10 11254_at_x04 22279	
1463 3358 10 11254_at_x05 22309	
1464 3358 10 11254_at_x06 22315	
1465 3358 10 11254_at_x07 22327	
1466 3358 10 11254_at_x08 22363	
1467 3358 10 11254_at_x09 22369	
1468 3358 10 11254_at_x11 22453	
1469 3358 10 11254_at_x12 22459	
1470 3358 10 11254_at_x13 22465	
1471 3358 10 11254_at_x14 22477	
1472 3358 10 11254_at_x15 22483	
1473 3357 10 11255_at_x00 23355	
1474 3357 10 11255_at_x01 23373	
1475 3357 10 11255_at_x02 23385	
1476 3357 10 11255_at_x03 23409	
1477 3357 10 11255_at_x05 23439	
1478 3357 10 11255_at_x06 23493	
1479 3357 10 11255_at_x07 23505	
1480 3357 10 11255_at_x08 23511	
1481 3357 10 11255_at_x09 23523	
1482 3357 10 11255_at_x10 23625	
1483 3357 10 11255_at_x11 23631	
1484 3357 10 11255_at_x12 23643	
1485 3357 10 11255_at_x14 23661	
1486 3357 10 11255_at_x15 23685	
1487 3356 10 11256_at_x15 24397	
1488 3356 10 11256_at_x14 24409	
1489 3356 10 11256_at_x11 24469	
1490 3356 10 11256_at_x02 24727	
1491 3356 10 11256_at_x01 24739	
1492 3356 10 11256_at_x00 24745	
1493 3355 10 11257_at_x10 26519	
1494 3355 10 11257_at_x07 26567	
1495 3354 10 11258_at_x09 28306	
1496 3352 10 11260_at_x12 34086	
1497 3352 10 11260_at_x11 34098	
1498 3351 10 11215_at_x14 36810	
1499 3349 10 11217_at_x07 39595	
1500 3348 10 11218_at_x15 40238	
1501 3347 10 3116_at_x03 43261	
1502 3344 10 11222_at_x06 51003	
1503 3340 10 11226_at_x02 56788	
1504 3339 10 11227_at_x08 59959	
1505 3338 10 11228_at_x08 63282	
1506 3337 10 11229_at_x08 67350	
1507 3336 10 11230_at_x08 68085	
1508 3334 10 11231_at_x04 69578	
1508 3335 10 11231_at_x04 69578	
1509 3327 10 11193_at_x15 76840	
1510 3326 10 11194_at_x13 81869	
1511 3326 10 11194_at_x14 81875	
1512 3323 10 11197_at_x12 85260	
1513 3322 10 11198_at_x14 85450	
1514 3322 10 11198_at_x12 85480	
1515 3322 10 11198_at_x11 85486	
1516 3322 10 11198_at_x06 85654	
1517 3321 10 11199_at_x00 87113	
1518 3319 10 11201_at_x14 89097	
1519 3318 10 11202_at_x15 89348	
1520 3313 10 11210_at_x15 96190	
1521 3313 10 11210_at_x05 96376	
1522 3311 10 11212_at_x06 99891	
1523 3311 10 11212_at_x04 99921	
1524 3311 10 11212_at_x03 99927	
1525 3310 10 11213_at_x15 101187	
1526 3310 10 11213_at_x14 101193	
1527 3304 10 11174_at_x09 110038	
1528 3304 10 11174_at_x08 110044	
1529 3303 10 11175_at_x10 111890	
1531 3298 10 11180_at_x06 122312	
1532 3297 10 11181_at_x05 123859	
1533 3295 10 11182_at_x08 126751	
1534 3293 10 11184_at_x10 130933	
1535 3291 10 11186_at_x00 135902	
1536 3291 10 11186_at_x01 135908	
1537 3288 10 11189_at_x01 138712	
1538 3280 10 11152_g_at_x10 147750	
1538 3281 10 11152_g_at_x10 147750	
1539 3280 10 11153_at_x09 147991	
1540 3279 10 11154_at_x10 151190	
1541 3279 10 11154_at_x15 151310	
1545 3270 10 11163_at_x15 163850	
1546 3262 10 11124_at_x11 185313	
1547 3262 10 11124_at_x10 185319	
1548 3255 10 11130_at_x00 191571	
1548 3256 10 11130_at_x00 191571	
1549 3255 10 11131_at_x05 191768	
1551 3248 10 3048_at_x06 214773	
1552 3246 10 11140_at_x06 218798	
1554 3231 10 3058_s_at_x02 259991	
1555 3229 10 11112_at_x08 262593	
1556 3210 10 11086_at_x01 307178	
1557 3197 10 11098_at_x00 325500	
1558 3195 10 11100_at_x14 327852	
1559 3195 10 11100_at_x13 327858	
1560 3194 10 11101_at_x15 330165	
1561 3194 10 11101_at_x05 330465	
1562 3191 10 11059_at_x01 336317	
1563 3188 10 11062_at_x04 341703	
1564 3187 10 11063_at_x05 345059	
1565 3185 10 11065_at_x02 347547	
1566 3183 10 11066_at_x15 349332	
1567 3182 10 11067_at_x08 353027	
1568 3176 10 3062_at_x07 372838	
1570 3172 10 11077_at_x11 380085	
1571 3167 10 11037_at_x13 387893	
1572 3166 10 11038_at_x04 388461	
1573 3166 10 11038_at_x00 388515	
1574 3163 10 11041_at_x12 393255	
1575 3163 10 11041_at_x13 393261	
1576 3158 10 11046_at_x08 398821	
1577 3158 10 11047_at_x00 400191	
1578 3156 10 11050_at_x03 404508	
1579 3144 10 11014_at_x12 422538	
1580 3144 10 11014_at_x11 422541	
1581 3144 10 11014_at_x09 422580	
1582 3138 10 11022_at_x08 435323	
1583 3370 10 11028_at_x11 450212	
1584 3370 10 11028_at_x15 450338	
1589 3372 10 11030_at_x08 453011	
1590 3372 10 11030_at_x13 453107	
1591 3372 10 11030_at_x14 453113	
1592 3372 10 11030_at_x15 453116	
1593 3378 10 10990_at_x14 461201	
1594 3381 10 10993_at_x12 464261	
1595 3386 10 10998_at_x03 468983	
1596 3386 10 10999_at_x03 469207	
1597 3389 10 11002_at_x02 470292	
1598 3389 10 11002_at_x01 470298	
1610 3395 10 11007_at_x11 492254	
1611 3397 10 11009_at_x02 499854	
1612 3398 10 10966_at_x11 503030	
1612 3399 10 10966_at_x11 503030	
1613 3398 10 10966_at_x12 503036	
1613 3399 10 10966_at_x12 503036	
1614 3400 10 10967_at_x13 503466	
1615 3402 10 10969_at_x03 509429	
1616 3402 10 10969_at_x04 509435	
1617 3403 10 10970_at_x14 510007	
1618 3403 10 10970_at_x05 510235	
1619 3403 10 3074_at_x05 511123	
1620 3403 10 3074_at_x07 511213	
1621 3403 10 3077_at_x00 513451	
1622 3415 10 10982_at_x13 535311	
1623 3416 10 10983_at_x13 537157	
1624 3417 10 10984_at_x06 538670	
1625 3418 10 10985_at_x02 541818	
1626 3419 10 10986_at_x07 544176	
1629 3430 10 10952_at_x08 568228	
1630 3432 10 10955_at_x05 570207	
1630 3433 10 10955_at_x05 570207	
1631 3433 10 10955_at_x11 570345	
1632 3434 10 10956_at_x11 570753	
1633 3435 10 10957_at_x01 572473	
1634 3435 10 10957_at_x00 572479	
1635 3436 10 10958_at_x13 573371	
1636 3436 10 10958_at_x14 573383	
1637 3438 10 10960_at_x11 575236	
1639 3440 10 10962_at_x12 579811	
1640 3441 10 10920_at_x00 579929	
1641 3441 10 10920_at_x01 579935	
1642 3441 10 10964_at_x06 580386	
1642 3442 10 10964_at_x06 580386	
1643 3443 10 10921_at_x10 581691	
1644 3445 10 10923_at_x00 584276	
1645 3445 10 10923_at_x14 584612	
1646 3448 10 10927_at_x12 586311	
1646 3449 10 10927_at_x12 586311	
1647 3449 10 10927_at_x00 586599	
1648 3453 10 3011_s_at_x06 600797	
1649 3454 10 10931_at_x15 602943	
1650 3455 10 10932_at_x09 604478	
1651 3459 10 10936_at_x15 612602	
1652 3465 10 10942_at_x05 621762	
1656 3469 10 10900_at_x01 627628	
1657 3469 10 10900_at_x02 627634	
1658 3470 10 10901_at_x06 628581	
1659 3470 10 10901_at_x07 628593	
1660 3482 10 10913_at_x03 646911	
1661 3506 10 10891_at_x10 698149	
1662 3509 10 10894_at_x05 703718	
1663 3509 10 10894_at_x13 703868	
1664 3510 10 10895_at_x06 704668	
1665 3514 10 3028_at_x04 715254	
1665 3514 10 3028_at_x04 715254	
1667 3757 11 3854_f_at_x05 590	
1668 3752 11 10792_at_x09 9262	
1673 3750 11 10794_at_x06 17679	
1676 3748 11 10796_at_x08 25990	
1677 3746 11 10798_at_x09 31187	
1678 3741 11 10803_at_x05 42738	
1683 3740 11 10804_at_x08 47707	
1684 3726 11 10769_at_x04 79182	
1685 3722 11 10774_at_x00 85435	
1686 3722 11 10774_at_x02 85465	
1687 3722 11 10774_at_x03 85477	
1688 3717 11 10779_at_x00 97725	
1689 3717 11 10779_at_x04 97761	
1695 3715 11 2968_s_at_x00 103658	
1696 3710 11 10742_at_x01 114412	
1696 3711 11 10742_at_x01 114412	
1697 3707 11 10745_at_x02 120696	
1698 3706 11 10746_at_x11 125459	
1699 3704 11 10748_at_x02 129847	
1700 3701 11 10751_at_x09 131394	
1704 3696 11 10755_at_x15 141810	
1705 3695 11 10756_at_x01 144916	
1706 3695 11 10757_at_x04 145122	
1712 3693 11 10757_at_x04 147886	
1713 3691 11 10759_at_x07 153463	
1714 3678 11 10726_at_x09 171771	
1721 3672 11 10732_at_x15 180221	
1722 3662 11 10697_at_x08 194611	
1722 3663 11 10697_at_x08 194611	
1723 3656 11 10703_at_x13 209627	
1724 3655 11 10704_at_x06 211595	
1725 3654 11 10705_g_at_x13 211820	
1725 3655 11 10705_g_at_x13 211820	
1726 3654 11 10705_g_at_x14 211823	
1726 3655 11 10705_g_at_x14 211823	
1727 3653 11 10707_at_x13 212278	
1728 3653 11 10707_at_x03 212554	
1729 3650 11 10710_at_x10 218377	
1730 3649 11 10711_at_x00 218796	
1730 3650 11 10711_at_x00 218796	
1731 3649 11 10711_at_x01 218805	
1731 3650 11 10711_at_x01 218805	
1736 3648 11 10712_at_x14 220519	
1737 3647 11 10713_at_x01 221391	
1738 3646 11 10669_at_x07 222724	
1739 3641 11 10674_at_x03 229040	
1740 3641 11 10674_at_x01 229052	
1741 3639 11 10676_at_x00 235002	
1742 3637 11 10678_at_x06 238310	
1743 3632 11 10682_at_x04 247944	
1744 3632 11 10682_at_x03 247950	
1745 3632 11 10682_at_x02 247956	
1746 3627 11 10687_at_x08 258243	
1748 3623 11 10691_at_x04 263612	
1749 3621 11 10647_at_x07 266017	
1750 3620 11 10648_at_x05 269734	
1751 3619 11 10649_at_x07 272657	
1752 3602 11 10668_at_x04 298361	
1754 3597 11 10628_at_x15 312706	
1755 3595 11 10630_at_x12 315253	
1756 3573 11 10607_at_x03 354466	
1758 3556 11 10623_at_x08 382548	
1758 3557 11 10623_at_x08 382548	
1759 3556 11 10622_at_x08 382553	
1759 3557 11 10622_at_x08 382553	
1760 3556 11 10623_at_x07 382554	
1760 3557 11 10623_at_x07 382554	
1761 3554 11 10580_at_x08 388373	
1762 3554 11 10580_at_x09 388379	
1763 3553 11 10581_at_x11 389068	
1764 3553 11 10581_at_x10 389074	
1765 3553 11 10581_at_x07 389236	
1766 3552 11 10582_at_x07 390168	
1767 3552 11 10582_at_x06 390174	
1768 3551 11 10583_at_x10 392268	
1769 3549 11 10585_at_x05 394654	
1770 3549 11 10585_at_x04 394660	
1771 3549 11 10585_at_x03 394678	
1772 3548 11 10586_at_x12 397200	
1773 3548 11 10586_at_x01 397458	
1776 3543 11 10590_at_x00 405226	
1777 3536 11 10597_at_x09 421190	
1779 3761 11 10567_at_x08 446685	
1781 3779 11 10539_at_x08 482069	
1782 3781 11 10541_at_x13 484826	
1783 3792 11 10552_at_x14 508110	
1784 3792 11 10552_at_x15 508170	
1785 3793 11 10553_at_x08 508575	
1786 3794 11 10554_at_x05 510933	
1787 3801 11 10516_at_x10 522777	
1789 3808 11 10523_at_x06 531549	
1790 3808 11 10523_at_x07 531561	
1791 3809 11 10524_at_x01 532483	
1793 3811 11 2981_at_x07 540588	
1794 3811 11 2988_at_x07 547558	
1797 3815 11 10530_at_x00 553792	
1798 3815 11 10530_at_x08 553942	
1799 3815 11 10530_at_x13 554200	
1800 3817 11 10531_at_x07 556730	
1801 3817 11 10531_at_x15 556934	
1802 3823 11 10491_at_x08 566015	
1803 3828 11 10496_at_x03 574956	
1804 3832 11 10500_at_x01 579813	
1805 3832 11 10500_at_x00 579819	
1806 3836 11 10504_at_x06 586769	
1807 3837 11 10505_at_x01 590637	
1808 3840 11 10508_at_x12 596152	
1809 3840 11 10508_at_x07 596215	
1810 3842 11 10464_at_x00 599170	
1811 3848 11 10470_at_x12 611765	
1812 3849 11 10471_at_x14 612571	
1813 3849 11 10471_at_x05 612721	
1814 3849 11 10471_at_x02 612763	
1815 3849 11 10471_at_x01 612769	
1816 3849 11 10471_at_x00 612781	
1821 3852 11 2995_s_at_x07 623215	
1822 3852 11 2997_s_at_x07 624548	
1823 3853 11 10477_g_at_x00 629611	
1824 3853 11 10477_g_at_x01 629614	
1825 3854 11 10478_at_x10 632285	
1826 3855 11 10479_at_x07 632952	
1835 3859 11 3002_g_at_x00 645998	
1836 3859 11 3002_g_at_x01 646028	
1837 3859 11 3002_g_at_x03 646042	
1838 3859 11 3002_g_at_x04 646049	
1839 3859 11 3002_g_at_x05 646054	
1840 3859 11 3002_g_at_x06 646060	
1841 3859 11 3002_g_at_x07 646065	
1842 3859 11 2917_s_at_x00 646146	
1843 3859 11 2917_s_at_x01 646245	
1844 3859 11 2917_s_at_x02 646285	
1845 3859 11 2917_s_at_x04 646408	
1846 3859 11 2917_s_at_x05 646556	
1847 3859 11 2917_s_at_x07 646820	
1848 3859 11 2918_s_at_x00 647318	
1849 3859 11 2918_s_at_x03 647807	
1850 3859 11 2918_s_at_x04 647868	
1851 3859 11 2918_s_at_x05 647911	
1852 3859 11 2918_s_at_x06 648010	
1853 3859 11 2918_s_at_x07 648055	
1854 3859 11 2919_s_at_x00 648146	
1855 3859 11 2919_s_at_x01 648221	
1856 3859 11 2919_s_at_x02 648280	
1857 3859 11 2919_s_at_x03 648354	
1858 3859 11 2919_s_at_x04 648430	
1859 3859 11 2919_s_at_x05 648545	
1860 3859 11 2919_s_at_x06 648673	
1861 3859 11 2919_s_at_x07 648742	
1862 3859 11 10483_at_x00 649174	
1863 3859 11 10483_at_x01 649228	
1864 3859 11 10483_at_x02 649234	
1865 3859 11 10483_at_x03 649240	
1866 3859 11 10483_at_x04 649258	
1867 3859 11 10483_at_x05 649270	
1868 3859 11 10483_at_x06 649288	
1869 3859 11 10483_at_x07 649300	
1870 3859 11 10483_at_x08 649324	
1871 3859 11 10483_at_x09 649348	
1872 3859 11 10483_at_x10 649408	
1873 3859 11 10483_at_x11 649414	
1874 3859 11 10483_at_x13 649438	
1875 3859 11 10483_at_x14 649468	
1876 3859 11 10483_at_x15 649480	
1902 3860 11 2924_g_at_x00 652752	
1903 3860 11 2924_g_at_x01 652835	
1904 3860 11 2924_g_at_x02 652923	
1905 3860 11 2924_g_at_x03 653047	
1906 3860 11 2924_g_at_x05 653219	
1907 3860 11 2924_g_at_x06 653244	
1908 3860 11 2925_s_at_x00 653507	
1909 3860 11 2925_s_at_x01 653697	
1910 3860 11 2925_s_at_x02 653763	
1911 3860 11 2925_s_at_x04 654072	
1912 3860 11 2925_s_at_x05 654154	
1913 3860 11 2925_s_at_x06 654229	
1914 3860 11 2925_s_at_x07 654284	
1915 3860 11 2926_s_at_x03 654788	
1916 3860 11 2926_s_at_x04 654923	
1917 3860 11 2926_s_at_x06 655159	
1918 3860 11 2926_s_at_x07 655316	
1919 3860 11 2927_s_at_x00 655559	
1920 3860 11 2927_s_at_x02 655634	
1921 3860 11 2927_s_at_x03 655648	
1922 3860 11 2927_s_at_x04 655662	
1923 3860 11 2927_s_at_x05 655678	
1924 3860 11 10484_at_x03 655967	
1925 3860 11 10484_at_x04 655991	
1926 3860 11 10484_at_x06 656099	
1927 3860 11 10484_at_x07 656105	
1928 3860 11 10484_at_x09 656141	
1929 3860 11 10484_at_x10 656147	
1930 3860 11 10484_at_x11 656171	
1931 3860 11 10484_at_x12 656177	
1932 3860 11 10484_at_x13 656225	
1933 3860 11 10484_at_x14 656231	
1934 3860 11 10484_at_x15 656279	
1935 3861 11 10485_at_x01 657035	
1936 3861 11 10485_at_x02 657065	
1937 3861 11 10485_at_x03 657071	
1938 3861 11 10485_at_x04 657077	
1939 3861 11 10485_at_x05 657107	
1940 3861 11 10485_at_x06 657119	
1941 3861 11 10485_at_x07 657197	
1942 3861 11 10485_at_x08 657275	
1943 3861 11 10485_at_x09 657281	
1944 3861 11 10485_at_x10 657287	
1945 3861 11 10485_at_x11 657299	
1946 3861 11 10485_at_x13 657329	
1947 3861 11 10485_at_x14 657359	
1948 3861 11 10485_at_x15 657365	
1952 3936 12 10415_at_x13 19609	
1953 3934 12 10417_at_x12 22602	
1954 3934 12 10417_at_x05 22752	
1955 3932 12 10373_at_x02 26184	
1956 3931 12 10374_at_x00 27765	
1957 3927 12 10378_at_x13 35970	
1958 3917 12 2932_at_x01 55040	
1959 3917 12 2934_at_x00 56785	
1961 3916 12 10392_at_x07 64263	
1962 3916 12 10392_at_x06 64265	
1963 3916 12 10392_at_x05 64267	
1964 3916 12 10392_at_x04 64275	
1965 3916 12 10392_at_x03 64283	
1966 3915 12 10393_at_x15 65842	
1967 3915 12 10393_at_x11 65890	
1968 3914 12 10394_at_x01 66591	
1969 3912 12 10351_at_x05 70121	
1970 3912 12 10351_at_x06 70127	
1971 3905 12 10358_at_x06 86369	
1977 3901 12 10362_at_x10 95639	
1978 3899 12 10364_at_x10 99261	
1979 3895 12 9868_at_x08 108809	
1980 3894 12 9868_at_x08 111412	
1981 3893 12 10371_at_x03 112275	
1982 3892 12 10372_at_x02 115582	
1983 3888 12 10331_at_x04 126934	
1984 3885 12 10334_at_x04 131338	
1985 3879 12 10340_at_x07 145780	
1986 3968 12 10322_at_x15 195531	
1987 3969 12 10323_at_x15 196850	
1988 3976 12 10286_at_x13 210539	
1989 3988 12 10298_at_x05 238298	
1990 3988 12 10298_at_x03 238376	
1991 3989 12 10299_at_x07 239578	
1992 3993 12 10260_at_x09 246579	
1993 3994 12 10261_at_x14 247886	
1994 3994 12 10261_at_x15 247898	
1995 3995 12 10262_at_x05 248307	
1996 3996 12 10263_at_x14 248756	
1997 3998 12 10265_at_x10 254693	
1998 3999 12 10266_at_x05 257512	
1999 4001 12 10268_at_x01 260113	
2000 4001 12 10268_at_x00 260119	
2001 4005 12 10272_at_x01 264911	
2002 4006 12 10273_at_x08 266102	
2003 4012 12 10279_at_x15 274162	
2004 4012 12 10279_at_x12 274240	
2005 4016 12 10238_at_x12 282091	
2006 4016 12 10238_at_x00 282397	
2007 4022 12 10244_at_x01 288943	
2008 4024 12 10246_at_x13 292523	
2009 4024 12 10246_at_x12 292529	
2010 4030 12 10252_at_x01 317542	
2011 4030 12 10252_at_x04 317608	
2012 4032 12 10254_at_x03 321827	
2013 4034 12 10256_at_x15 326212	
2014 4035 12 10257_at_x00 327131	
2016 4054 12 10230_at_x00 370434	
2017 4058 12 10234_at_x06 380269	
2018 4059 12 10235_at_x00 381825	
2019 4059 12 10235_at_x05 381903	
2020 4064 12 10194_at_x06 388933	
2021 4083 12 10170_g_at_x15 423789	
2021 4084 12 10170_g_at_x15 423789	
2039 4099 12 10185_s_at_x15 469391	
2040 4099 12 10185_s_at_x12 469461	
2041 4099 12 10185_s_at_x10 469539	
2042 4099 12 10185_s_at_x08 469604	
2043 4099 12 10185_s_at_x06 469640	
2044 4099 12 10185_s_at_x05 469656	
2045 4099 12 10185_s_at_x04 469672	
2046 4099 12 10185_s_at_x00 469805	
2047 4100 12 10186_s_at_x02 472165	
2048 4100 12 10186_s_at_x03 472194	
2049 4100 12 10186_s_at_x04 472209	
2050 4100 12 10186_s_at_x05 472221	
2051 4100 12 10186_s_at_x06 472244	
2052 4100 12 10186_s_at_x07 472276	
2053 4100 12 10186_s_at_x08 472292	
2054 4100 12 10186_s_at_x09 472319	
2055 4100 12 10186_s_at_x11 472365	
2056 4100 12 10186_s_at_x14 472402	
2061 4113 12 10149_at_x04 500493	
2062 4113 12 10149_at_x05 500589	
2062 4114 12 10149_at_x05 500589	
2063 4116 12 10152_at_x09 501510	
2064 4116 12 10152_at_x07 501528	
2065 4118 12 10154_at_x12 505763	
2066 4120 12 10156_at_x15 507813	
2067 4120 12 10156_at_x06 508029	
2069 4124 12 10160_at_x05 516242	
2070 4125 12 10162_at_x15 516700	
2071 4149 12 10143_at_x05 553064	
2072 4149 12 10143_at_x03 553076	
2073 4149 12 10143_at_x01 553124	
2074 4150 12 10144_at_x01 556063	
2075 4158 12 10106_at_x10 570433	
2076 4167 12 10115_at_x03 582499	
2077 4175 12 10079_at_x10 607076	
2077 4176 12 10079_at_x10 607076	
2078 4179 12 10083_g_at_x15 611810	
2078 4180 12 10083_g_at_x15 611810	
2079 4179 12 10083_g_at_x08 611854	
2079 4180 12 10083_g_at_x08 611854	
2080 4180 12 10084_at_x10 611967	
2081 4180 12 10084_at_x07 611997	
2085 4192 12 2911_s_at_x03 635380	
2086 4196 12 10100_at_x04 642137	
2087 4197 12 10055_at_x07 644082	
2088 4197 12 10055_at_x11 644136	
2089 4201 12 10059_at_x00 659357	
2090 4202 12 10060_at_x04 662627	
2091 4205 12 10063_i_at_x02 668249	
2091 4206 12 10063_i_at_x02 668249	
2092 4208 12 10067_at_x14 672779	
2093 4208 12 10067_at_x15 672785	
2094 4211 12 10070_at_x08 674651	
2096 4213 12 10072_at_x12 679808	
2097 4215 12 10074_at_x01 681096	
2098 4217 12 10076_at_x11 683457	
2099 4217 12 10076_at_x12 683463	
2100 4219 12 10078_at_x14 689211	
2101 4219 12 10078_at_x13 689217	
2102 4220 12 10032_at_x02 693610	
2103 4220 12 10032_at_x03 693616	
2104 4220 12 10032_at_x11 693790	
2105 4223 12 10035_at_x13 697260	
2106 4226 12 10040_at_x15 704828	
2106 4227 12 10040_at_x15 704828	
2107 4228 12 10041_at_x14 705088	
2108 4228 12 10041_at_x13 705100	
2109 4228 12 10041_at_x07 705190	
2109 4229 12 10041_at_x07 705190	
2110 4228 12 10041_at_x06 705220	
2110 4229 12 10041_at_x06 705220	
2111 4228 12 10041_at_x05 705226	
2111 4229 12 10041_at_x05 705226	
2112 4231 12 10044_at_x09 708035	
2113 4231 12 10044_at_x10 708041	
2116 4232 12 10045_at_x07 708594	
2118 4235 12 10048_at_x12 713638	
2119 4235 12 10048_at_x11 713644	
2120 4235 12 10048_at_x10 713686	
2121 4239 12 10052_at_x14 719857	
2122 4241 12 10054_at_x03 721979	
2123 4241 12 10054_at_x02 721988	
2124 4242 12 10010_at_x00 722343	
2125 4250 12 10018_at_x15 733838	
2126 4253 12 10021_at_x01 744310	
2127 4253 12 10021_at_x05 744436	
2128 4255 12 10023_at_x05 748567	
2129 4255 12 10023_at_x11 748735	
2130 4258 12 10026_at_x00 757570	
2131 4259 12 10027_at_x08 757807	
2132 4260 12 9870_s_at_x04 759664	
2133 4260 12 9870_s_at_x15 759989	
2134 4261 12 10028_at_x15 760763	
2135 4262 12 10029_at_x11 762819	
2136 4262 12 10029_at_x01 762930	
2137 4265 12 9986_at_x15 766038	
2138 4267 12 2912_at_x02 770327	
2139 4269 12 9991_at_x09 777813	
2139 4270 12 9991_at_x09 777813	
2140 4274 12 9995_at_x13 782839	
2143 4282 12 10004_at_x03 796771	
2144 4289 12 9965_at_x07 808623	
2145 4289 12 9965_at_x12 808707	
2147 4290 12 2837_s_at_x01 810883	
2148 4290 12 2837_s_at_x06 811669	
2149 4290 12 2839_s_at_x02 812861	
2150 4290 12 9966_at_x10 815480	
2151 4290 12 9966_at_x11 815486	
2152 4290 12 9966_at_x12 815498	
2153 4290 12 9966_at_x14 815552	
2154 4295 12 9971_at_x01 824230	
2155 4298 12 9974_at_x15 829265	
2156 4299 12 9975_at_x08 829693	
2157 4299 12 9975_at_x07 829705	
2159 4310 12 9941_at_x04 851826	
2161 4313 12 9943_at_x09 854279	
2162 4314 12 9944_at_x09 855389	
2163 4314 12 9944_at_x10 855419	
2164 4315 12 9945_at_x11 855776	
2165 4317 12 9949_at_x05 858996	
2166 4324 12 9956_at_x06 872448	
2167 4324 12 9956_at_x07 872460	
2168 4330 12 9962_at_x02 881579	
2169 4330 12 9962_at_x15 881903	
2170 4338 12 9924_at_x09 899898	
2171 4338 12 9924_at_x07 899946	
2172 4343 12 9929_at_x09 909226	
2173 4346 12 9932_at_x02 912976	
2174 4346 12 9932_at_x01 912982	
2175 4348 12 9934_at_x12 919638	
2176 4348 12 9934_at_x11 919644	
2177 4352 12 9938_at_x09 927421	
2178 4366 12 9908_at_x05 956366	
2179 4366 12 9908_at_x07 956528	
2180 4366 12 9908_at_x08 956534	
2181 4366 12 9908_at_x09 956540	
2182 4366 12 9908_at_x11 956594	
2183 4367 12 9909_at_x08 957108	
2186 4370 12 9912_at_x14 965218	
2187 4370 12 9912_at_x12 965230	
2188 4370 12 9912_at_x09 965332	
2189 4370 12 9912_at_x08 965335	
2190 4375 12 9873_at_x09 987750	
2191 4377 12 9875_at_x11 990751	
2192 4379 12 2867_s_at_x00 994739	
2193 4380 12 9878_at_x08 1000554	
2194 4384 12 9882_at_x08 1006711	
2195 4387 12 9886_at_x09 1014016	
2196 4392 12 9891_at_x15 1019347	
2197 4393 12 9893_at_x10 1023790	
2197 4394 12 9893_at_x10 1023790	
2198 4393 12 9892_at_x08 1023795	
2198 4394 12 9892_at_x08 1023795	
2199 4399 12 9853_at_x01 1031679	
2200 4399 12 9853_at_x02 1031685	
2201 4399 12 9853_at_x03 1031688	
2202 4402 12 9856_at_x07 1039501	
2203 4403 12 9857_at_x08 1042072	
2205 4405 12 9859_at_x05 1054278	
2206 4405 12 9859_at_x08 1054302	
2207 4407 12 9861_at_x04 1056097	
2208 4407 12 9861_at_x03 1056103	
2209 4410 12 9864_at_x15 1059806	
2210 4410 12 9864_at_x14 1059816	
2211 4410 12 9864_at_x13 1059818	
2212 4410 12 9864_at_x12 1059925	
2213 4410 12 9864_at_x11 1059928	
2214 4410 12 9864_at_x10 1059929	
2215 4410 12 9864_at_x09 1059930	
2216 4414 12 9866_i_at_x09 1067085	
2216 4415 12 9866_i_at_x09 1067085	
2216 4416 12 9866_i_at_x09 1067085	
2217 4414 12 9866_i_at_x07 1067087	
2217 4415 12 9866_i_at_x07 1067087	
2217 4416 12 9866_i_at_x07 1067087	
2218 4414 12 9866_i_at_x06 1067088	
2218 4415 12 9866_i_at_x06 1067088	
2218 4416 12 9866_i_at_x06 1067088	
2219 4414 12 9866_i_at_x05 1067089	
2219 4415 12 9866_i_at_x05 1067089	
2219 4416 12 9866_i_at_x05 1067089	
2220 4414 12 9866_i_at_x04 1067118	
2220 4415 12 9866_i_at_x04 1067118	
2220 4416 12 9866_i_at_x04 1067118	
2221 4414 12 9866_i_at_x03 1067120	
2221 4415 12 9866_i_at_x03 1067120	
2221 4416 12 9866_i_at_x03 1067120	
2222 4414 12 9866_i_at_x02 1067121	
2222 4415 12 9866_i_at_x02 1067121	
2222 4416 12 9866_i_at_x02 1067121	
2223 4414 12 9866_i_at_x01 1067122	
2223 4415 12 9866_i_at_x01 1067122	
2223 4416 12 9866_i_at_x01 1067122	
2224 4414 12 9866_i_at_x00 1067123	
2224 4415 12 9866_i_at_x00 1067123	
2224 4416 12 9866_i_at_x00 1067123	
2225 4555 13 9764_at_x09 27644	
2226 4554 13 9765_at_x15 28334	
2227 4554 13 9765_at_x03 28622	
2228 4554 13 9765_at_x00 28694	
2229 4552 13 9767_at_x03 33501	
2230 4552 13 9767_at_x10 33681	
2235 4541 13 9734_at_x03 54913	
2236 4539 13 9736_at_x00 57145	
2237 4536 13 2800_at_x07 64970	
2238 4535 13 2806_s_at_x02 69114	
2239 4535 13 2806_s_at_x03 69122	
2240 4529 13 9746_at_x10 77684	
2241 4528 13 9747_at_x04 78655	
2244 4527 13 9748_at_x07 81250	
2245 4527 13 9748_at_x13 81358	
2246 4521 13 9754_at_x01 87587	
2247 4519 13 9756_at_x15 91085	
2247 4520 13 9756_at_x15 91085	
2248 4518 13 9711_at_x10 94053	
2249 4516 13 9713_at_x07 96015	
2250 4514 13 9715_at_x04 99585	
2251 4514 13 9715_at_x09 99672	
2252 4514 13 9715_at_x10 99675	
2253 4514 13 9715_at_x12 99717	
2254 4514 13 9715_at_x13 99720	
2255 4513 13 9716_at_x05 100048	
2256 4508 13 9720_at_x13 110808	
2257 4508 13 9720_at_x14 110814	
2259 4501 13 9727_at_x12 124876	
2260 4500 13 9728_at_x07 129925	
2261 4500 13 9728_at_x02 130069	
2262 4490 13 9693_at_x13 149075	
2264 4486 13 9696_at_x08 159533	
2265 4483 13 9699_at_x10 163180	
2266 4483 13 9699_at_x03 163322	
2267 4483 13 9699_at_x02 163326	
2268 4483 13 9699_at_x01 163328	
2269 4483 13 9700_at_x02 164026	
2270 4475 13 9709_at_x03 178636	
2271 4473 13 9709_at_x03 180103	
2272 4472 13 9666_at_x06 183097	
2277 4468 13 9670_at_x04 203101	
2278 4466 13 9672_at_x06 205921	
2279 4461 13 9679_at_x11 216022	
2280 4461 13 9679_at_x12 216028	
2281 4452 13 9687_at_x04 227254	
2282 4451 13 9688_at_x10 229366	
2286 4447 13 9646_at_x13 234845	
2287 4447 13 9646_at_x12 234851	
2288 4446 13 9647_at_x02 238291	
2289 4445 13 9648_at_x13 239556	
2290 4445 13 9648_at_x12 239559	
2291 4445 13 9648_at_x04 239883	
2292 4445 13 9648_at_x03 239886	
2293 4445 13 9648_at_x02 239892	
2294 4443 13 9650_at_x01 243624	
2295 4442 13 9651_at_x00 245457	
2296 4442 13 9652_at_x12 245620	
2297 4442 13 9651_at_x02 245625	
2298 4442 13 9652_at_x11 245632	
2299 4442 13 9652_at_x10 245674	
2300 4433 13 9662_at_x02 255486	
2301 4433 13 9662_at_x07 255564	
2302 4429 13 9665_at_x15 261719	
2303 4429 13 9665_at_x14 261725	
2304 4427 13 9621_at_x02 266326	
2307 4570 13 9625_at_x00 273244	
2308 4570 13 9625_at_x01 273250	
2309 4572 13 9627_at_x09 277071	
2310 4577 13 9632_at_x00 285840	
2311 4577 13 9632_at_x09 286122	
2319 4582 13 9636_at_x01 299950	
2320 4597 13 9606_at_x08 328865	
2328 4619 13 2749_s_at_x02 379628	
2329 4619 13 9581_at_x09 379975	
2330 4619 13 9581_at_x10 379981	
2331 4625 13 9588_at_x01 390351	
2332 4625 13 9588_at_x02 390357	
2333 4627 13 9590_at_x06 391767	
2334 4629 13 9592_at_x03 395391	
2335 4633 13 9596_at_x00 403766	
2336 4634 13 9597_at_x10 404546	
2337 4637 13 9555_at_x03 410287	
2338 4649 13 9567_at_x12 430164	
2339 4652 13 9570_at_x06 437167	
2340 4656 13 9574_at_x06 443066	
2341 4658 13 9531_at_x15 445622	
2359 4680 13 9507_at_x11 492453	
2360 4681 13 9508_at_x12 494170	
2361 4681 13 9508_at_x10 494242	
2362 4683 13 9510_at_x08 496638	
2363 4684 13 9511_at_x02 498750	
2368 4688 13 9518_at_x11 505626	
2369 4688 13 9518_at_x12 505628	
2370 4688 13 9518_at_x14 505636	
2371 4688 13 9518_at_x15 505642	
2372 4688 13 9516_at_x06 506838	
2373 4688 13 9516_at_x12 506964	
2374 4689 13 9518_at_x11 507289	
2375 4689 13 9518_at_x12 507291	
2376 4689 13 9518_at_x14 507299	
2377 4689 13 9518_at_x15 507305	
2378 4690 13 9516_at_x06 508501	
2379 4690 13 9516_at_x12 508627	
2380 4694 13 9522_at_x06 513778	
2381 4703 13 9485_at_x00 535359	
2382 4717 13 9500_at_x15 554836	
2383 4717 13 9500_at_x14 554842	
2384 4717 13 9500_at_x13 554848	
2385 4717 13 9500_at_x02 555076	
2390 4723 13 9506_at_x13 562907	
2391 4724 13 9462_at_x13 564142	
2392 4724 13 9462_at_x14 564148	
2393 4727 13 9465_at_x13 566144	
2394 4732 13 9469_at_x13 572643	
2395 4734 13 9471_at_x12 574720	
2396 4734 13 9469_at_x13 574866	
2397 4734 13 9471_at_x00 574867	
2398 4743 13 9480_at_x03 597705	
2399 4743 13 9480_at_x02 597711	
2400 4769 13 9417_at_x14 649250	
2401 4769 13 9417_at_x15 649253	
2402 4788 13 9436_at_x04 686206	
2403 4794 13 9397_at_x01 697899	
2404 4795 13 9398_at_x05 698980	
2405 4803 13 9406_at_x01 718930	
2406 4808 13 2767_at_x06 727057	
2407 4839 13 9354_at_x14 789460	
2408 4839 13 9354_at_x13 789466	
2409 4858 13 9328_at_x14 824809	
2410 4866 13 2780_at_x03 843356	
2411 4866 13 2780_at_x04 843590	
2412 4867 13 2784_s_at_x02 846240	
2416 4869 13 9339_at_x01 850514	
2417 4869 13 9339_at_x00 850520	
2418 4873 13 9343_at_x04 855629	
2419 4873 13 9343_at_x03 855635	
2420 4889 13 2708_s_at_x02 885665	
2420 4889 13 2708_s_at_x02 885665	
2421 4899 13 9281_at_x07 905780	
2421 4901 13 9281_at_x07 905780	
2422 4902 13 9282_at_x00 910375	
2423 4902 13 9282_at_x01 910381	
2424 4902 13 9282_at_x13 910735	
2425 4902 13 9282_at_x14 910741	
2426 4909 13 9289_at_x08 922256	
2427 4909 13 9289_at_x07 922258	
2428 4909 13 9289_at_x06 922259	
2429 4909 13 9289_at_x05 922261	
2430 4909 13 9289_at_x00 922268	
2431 4911 13 3694_at_x10 923511	
2432 5251 14 9198_s_at_x06 13845	
2433 5247 14 9201_at_x04 19885	
2434 5247 14 9201_at_x03 19891	
2435 5246 14 9202_at_x02 23220	
2436 5244 14 9204_at_x02 27632	
2437 5243 14 9205_at_x13 28788	
2438 5240 14 9208_at_x15 33361	
2439 5240 14 9208_at_x08 33607	
2440 5240 14 9208_at_x04 33643	
2441 5239 14 9163_at_x03 37071	
2442 5236 14 9166_at_x15 38762	
2442 5237 14 9166_at_x15 38762	
2443 5236 14 9166_at_x09 38852	
2443 5237 14 9166_at_x09 38852	
2444 5222 14 9180_at_x13 61469	
2449 5203 14 9154_at_x06 96321	
2453 5198 14 9159_at_x00 109527	
2454 5196 14 9161_at_x03 116131	
2455 5172 14 9095_at_x09 168128	
2456 5171 14 9096_at_x12 171103	
2459 5155 14 9111_at_x03 206186	
2460 5153 14 9113_at_x02 209852	
2461 5145 14 9075_at_x04 220948	
2461 5146 14 9075_at_x04 220948	
2462 5138 14 9083_at_x08 235423	
2463 5133 14 9088_at_x09 245307	
2464 5133 14 9088_at_x10 245313	
2465 5132 14 9089_at_x12 246135	
2469 5122 14 9055_at_x14 258590	
2470 5118 14 9059_at_x07 263964	
2471 5116 14 9061_at_x01 266789	
2472 5116 14 9061_at_x00 266798	
2473 5109 14 9068_at_x08 281187	
2474 5090 14 2663_s_at_x04 314883	
2474 5090 14 2663_s_at_x04 314883	
2477 5075 14 9010_at_x13 340077	
2478 5059 14 9026_at_x07 358641	
2479 5055 14 8984_at_x09 368178	
2480 5052 14 8987_at_x10 371953	
2481 5041 14 8998_at_x00 393903	
2482 5041 14 8998_at_x08 394161	
2483 5036 14 9003_at_x07 402312	
2484 5032 14 8961_at_x10 410244	
2488 5031 14 8962_at_x11 412758	
2489 5027 14 8967_at_x01 418269	
2491 4991 14 8958_at_x14 486861	
2492 4982 14 8922_at_x03 502316	
2493 4982 14 8922_at_x11 502496	
2496 4967 14 8892_at_x08 534449	
2497 4963 14 8896_at_x09 542648	
2500 4958 14 8900_at_x08 549682	
2503 4957 14 8901_at_x13 554606	
2504 4954 14 8904_at_x03 558284	
2506 4952 14 8906_at_x10 568748	
2507 4951 14 8907_s_at_x03 571885	
2508 4951 14 8907_s_at_x09 571965	
2509 4946 14 8912_at_x12 577299	
2510 4944 14 8868_at_x02 581280	
2511 4943 14 8869_at_x00 582954	
2516 4937 14 8875_at_x13 595753	
2517 4937 14 8875_at_x07 595885	
2518 4927 14 8885_at_x15 614342	
2519 4924 14 8888_at_x13 618548	
2520 5270 14 8860_at_x09 648788	
2521 5291 14 8835_at_x05 686853	
2522 5292 14 8836_at_x00 689579	
2523 5292 14 8836_at_x15 689939	
2524 5293 14 8788_at_x00 690372	
2525 5293 14 8788_at_x01 690378	
2528 5296 14 8839_at_x00 694765	
2529 5297 14 8840_at_x09 695114	
2530 5301 14 8800_at_x14 701565	
2530 5302 14 8800_at_x14 701565	
2531 5304 14 8802_at_x04 705553	
2532 5304 14 8802_at_x05 705559	
2533 5304 14 8802_at_x06 705565	
2534 5310 14 8808_at_x06 714215	
2535 5316 14 8815_at_x15 731633	
2536 5316 14 8815_at_x01 732029	
2537 5517 15 8715_at_x10 1152	
2538 5517 15 8715_at_x08 1206	
2539 5517 15 8715_at_x07 1212	
2540 5517 15 8715_at_x06 1218	
2565 5515 15 2697_g_at_x00 6188	
2566 5515 15 2697_g_at_x01 6226	
2567 5515 15 2697_g_at_x02 6318	
2568 5515 15 2697_g_at_x03 6435	
2569 5515 15 2697_g_at_x05 6643	
2570 5515 15 2697_g_at_x06 6816	
2571 5515 15 2698_s_at_x00 7091	
2572 5515 15 2698_s_at_x01 7123	
2573 5515 15 2698_s_at_x02 7175	
2574 5515 15 2698_s_at_x03 7265	
2575 5515 15 2698_s_at_x04 7307	
2576 5515 15 2698_s_at_x05 7338	
2577 5515 15 2698_s_at_x06 7379	
2578 5515 15 2698_s_at_x07 7516	
2579 5515 15 8717_at_x00 7657	
2580 5515 15 8717_at_x04 7699	
2581 5515 15 8717_at_x05 7795	
2582 5515 15 8717_at_x06 7861	
2583 5515 15 8717_at_x07 7867	
2584 5515 15 8717_at_x08 7879	
2585 5515 15 8717_at_x10 7897	
2586 5515 15 8717_at_x11 7921	
2587 5515 15 8717_at_x14 8035	
2588 5515 15 8717_at_x15 8059	
2589 5514 15 8718_at_x00 9629	
2590 5514 15 8718_at_x03 9671	
2591 5514 15 8718_at_x04 9719	
2592 5514 15 8718_at_x05 9725	
2593 5514 15 8718_at_x06 9731	
2594 5514 15 8718_at_x09 9785	
2595 5514 15 8718_at_x10 9791	
2596 5514 15 8718_at_x11 9797	
2597 5514 15 8718_at_x12 9899	
2598 5514 15 8718_at_x13 9911	
2599 5513 15 8719_at_x00 10331	
2600 5513 15 8719_at_x01 10337	
2601 5513 15 8719_at_x02 10421	
2602 5513 15 8719_at_x03 10427	
2603 5513 15 8719_at_x04 10499	
2604 5513 15 8719_at_x05 10505	
2605 5513 15 8719_at_x06 10511	
2606 5513 15 8719_at_x07 10517	
2607 5513 15 8719_at_x08 10529	
2608 5513 15 8719_at_x09 10541	
2609 5513 15 8719_at_x11 10655	
2610 5513 15 8719_at_x13 10721	
2611 5513 15 8719_at_x14 10739	
2616 5509 15 8722_at_x11 17384	
2617 5509 15 8722_at_x10 17390	
2624 5503 15 8727_at_x01 37207	
2630 5500 15 8684_at_x15 44482	
2630 5501 15 8684_at_x15 44482	
2631 5500 15 8683_at_x07 44484	
2631 5501 15 8683_at_x07 44484	
2632 5500 15 8684_at_x14 44488	
2632 5501 15 8684_at_x14 44488	
2633 5500 15 8683_at_x08 44496	
2633 5501 15 8683_at_x08 44496	
2634 5500 15 8684_at_x08 44542	
2634 5501 15 8684_at_x08 44542	
2635 5500 15 8684_at_x07 44548	
2635 5501 15 8684_at_x07 44548	
2636 5500 15 8683_at_x12 44550	
2636 5501 15 8683_at_x12 44550	
2637 5497 15 8687_at_x14 47951	
2638 5497 15 8687_at_x00 48335	
2639 5493 15 8691_at_x08 54769	
2640 5490 15 8694_at_x09 59733	
2641 5480 15 8704_at_x03 76724	
2642 5473 15 8666_at_x04 89211	
2643 5473 15 8666_at_x05 89217	
2644 5473 15 8666_at_x06 89229	
2645 5468 15 8670_at_x15 96633	
2646 5468 15 8670_at_x00 96849	
2647 5467 15 8671_at_x09 99389	
2648 5463 15 8675_at_x06 106152	
2649 5463 15 8675_at_x07 106158	
2650 5463 15 8675_at_x08 106164	
2651 5463 15 8675_at_x13 106266	
2652 5463 15 8675_at_x14 106272	
2653 5461 15 8677_at_x08 108577	
2654 5456 15 8682_at_x06 113251	
2655 5456 15 8682_at_x07 113254	
2656 5456 15 8682_at_x10 113260	
2657 5456 15 8682_at_x11 113261	
2658 5456 15 8682_at_x12 113267	
2659 5456 15 8682_at_x13 113269	
2660 5454 15 8639_at_x04 116709	
2661 5449 15 8644_at_x02 132423	
2661 5450 15 8644_at_x02 132423	
2661 5450 15 8644_at_x02 132423	
2665 5444 15 8649_at_x15 141621	
2666 5444 15 8649_at_x14 141627	
2667 5444 15 8649_at_x13 141633	
2668 5443 15 8650_at_x11 143597	
2669 5442 15 8651_at_x00 144659	
2670 5439 15 8654_at_x07 150651	
2671 5438 15 8655_at_x06 154177	
2672 5438 15 8655_at_x03 154309	
2674 5430 15 2619_s_at_x03 174364	
2675 5430 15 2620_s_at_x04 175594	
2676 5430 15 2624_s_at_x03 179289	
2677 5430 15 8617_at_x10 180180	
2678 5430 15 8617_at_x12 180210	
2679 5430 15 8617_at_x13 180222	
2680 5429 15 8618_at_x04 180961	
2681 5422 15 8624_at_x10 193911	
2682 5416 15 8630_at_x01 202370	
2683 5414 15 8632_at_x02 205104	
2684 5413 15 8633_at_x07 206266	
2685 5411 15 8635_at_x01 210839	
2686 5407 15 8593_at_x12 220337	
2687 5391 15 8609_at_x00 248746	
2692 5374 15 8580_at_x14 272023	
2693 5373 15 8581_at_x04 274227	
2694 5372 15 8582_at_x01 276469	
2695 5372 15 8582_at_x02 276475	
2696 5371 15 8583_at_x10 277470	
2697 5368 15 8586_at_x12 282525	
2699 5362 15 8547_at_x10 298704	
2700 5362 15 8547_at_x11 298710	
2701 5359 15 8095_at_x01 301074	
2702 5359 15 8095_at_x02 301076	
2703 5359 15 8095_at_x03 301077	
2704 5523 15 8567_at_x07 338018	
2706 5532 15 8531_at_x04 357032	
2707 5532 15 8531_at_x11 357194	
2708 5538 15 8537_at_x15 370304	
2709 5544 15 8543_at_x02 379157	
2710 5545 15 8544_at_x12 380725	
2711 5546 15 8545_at_x05 382531	
2712 5546 15 8545_at_x06 382585	
2713 5548 15 8502_at_x05 384695	
2714 5548 15 8502_at_x06 384701	
2715 5548 15 8502_at_x08 384743	
2716 5548 15 8502_at_x09 384779	
2717 5548 15 8502_at_x15 384923	
2718 5552 15 8506_at_x05 392765	
2719 5559 15 8513_at_x05 407684	
2720 5559 15 8513_at_x06 407690	
2725 5562 15 8516_at_x00 411901	
2726 5563 15 8517_at_x08 413168	
2729 5567 15 8521_at_x07 418908	
2730 5569 15 8523_at_x04 424522	
2731 5570 15 8524_at_x14 424873	
2732 5570 15 8524_at_x02 425275	
2733 5571 15 8480_at_x00 427159	
2734 5573 15 8482_at_x04 428238	
2741 5578 15 8487_at_x10 438975	
2742 5578 15 8487_at_x05 439041	
2743 5582 15 8491_at_x11 445656	
2744 5583 15 8492_at_x01 446514	
2745 5591 15 8499_at_x05 461652	
2746 5591 15 8499_at_x07 461694	
2747 5595 15 8457_at_x12 469463	
2748 5595 15 8457_at_x08 469541	
2749 5595 15 8457_at_x00 469823	
2750 5596 15 8458_at_x15 472577	
2751 5599 15 8461_at_x00 476328	
2752 5603 15 8465_at_x11 481586	
2753 5606 15 8468_at_x14 488274	
2754 5606 15 8469_g_at_x02 488329	
2754 5607 15 8469_g_at_x02 488329	
2755 5606 15 8469_g_at_x03 488334	
2755 5607 15 8469_g_at_x03 488334	
2756 5606 15 8469_g_at_x04 488338	
2756 5607 15 8469_g_at_x04 488338	
2757 5606 15 8469_g_at_x05 488341	
2757 5607 15 8469_g_at_x05 488341	
2758 5606 15 8469_g_at_x10 488373	
2758 5607 15 8469_g_at_x10 488373	
2759 5606 15 8469_g_at_x11 488377	
2759 5607 15 8469_g_at_x11 488377	
2760 5606 15 8469_g_at_x13 488384	
2760 5607 15 8469_g_at_x13 488384	
2761 5608 15 8471_at_x08 490329	
2762 5609 15 8472_at_x13 491172	
2763 5609 15 8472_at_x12 491178	
2764 5609 15 8472_at_x11 491190	
2765 5611 15 8474_at_x06 496730	
2766 5620 15 8438_at_x08 515917	
2767 5620 15 8438_at_x09 515923	
2768 5621 15 8439_at_x11 516673	
2768 5622 15 8439_at_x11 516673	
2769 5625 15 8443_at_x09 519764	
2770 5625 15 8443_at_x10 519776	
2775 5634 15 8452_at_x07 538785	
2776 5636 15 8454_at_x09 546197	
2777 5639 15 8413_at_x15 551819	
2777 5640 15 8413_at_x15 551819	
2778 5646 15 8419_at_x07 563943	
2784 5650 15 8423_at_x05 572404	
2785 5650 15 8423_at_x04 572410	
2786 5654 15 8427_at_x08 580354	
2786 5655 15 8427_at_x08 580354	
2787 5655 15 8428_at_x10 581277	
2788 5658 15 8431_at_x01 587256	
2788 5659 15 8431_at_x01 587256	
2789 5658 15 8431_at_x00 587316	
2789 5659 15 8431_at_x00 587316	
2790 5659 15 8432_at_x05 589013	
2791 5659 15 8432_at_x12 589145	
2792 5661 15 8389_at_x15 594024	
2794 5663 15 8391_at_x07 602951	
2796 5672 15 2641_g_at_x01 619862	
2797 5677 15 8405_at_x11 632882	
2798 5677 15 8405_at_x12 632894	
2799 5705 15 8388_at_x04 683301	
2800 5705 15 8388_at_x07 683415	
2808 5715 15 8353_at_x08 715809	
2809 5735 15 8327_at_x15 747543	
2810 5754 15 8301_at_x05 779974	
2812 5767 15 8314_g_at_x10 798209	
2812 5768 15 8314_g_at_x10 798209	
2813 5771 15 8318_at_x06 802724	
2814 5771 15 8318_at_x01 802916	
2815 5773 15 8274_at_x07 804686	
2816 5776 15 8277_at_x14 808276	
2817 5783 15 8284_at_x08 819015	
2817 5784 15 8284_at_x08 819015	
2818 5794 15 8295_at_x01 838599	
2822 5801 15 8257_at_x14 846344	
2827 5811 15 2659_g_at_x00 861183	
2828 5811 15 2575_s_at_x00 861655	
2829 5811 15 2575_s_at_x07 862479	
2830 5811 15 2576_s_at_x07 863467	
2831 5812 15 8268_at_x07 865782	
2832 5821 15 8234_at_x09 880783	
2833 5821 15 8234_at_x10 880786	
2834 5827 15 8240_at_x03 889464	
2835 5849 15 8216_at_x05 930110	
2836 5852 15 8219_at_x06 937036	
2837 5857 15 8224_at_x09 945781	
2838 5866 15 8187_at_x00 968429	
2840 5894 15 8170_at_x15 1031495	
2841 5894 15 8170_at_x09 1031651	
2842 5894 15 8170_at_x08 1031657	
2843 5908 15 8139_at_x06 1065719	
2844 5908 15 8139_at_x10 1065809	
2845 5912 15 8143_at_x00 1075593	
2846 6183 16 7995_at_x11 70847	
2847 6183 16 7995_at_x12 70853	
2848 6174 16 8004_at_x01 84943	
2849 6174 16 8004_at_x00 84949	
2850 6171 16 8007_at_x15 90266	
2851 6170 16 8008_at_x08 90762	
2852 6165 16 8012_at_x12 100527	
2852 6166 16 8012_at_x12 100527	
2853 6163 16 8015_at_x07 104423	
2854 6162 16 7970_at_x08 105260	
2855 6162 16 7970_at_x07 105278	
2856 6161 16 7971_at_x09 106652	
2857 6159 16 2602_g_at_x07 109106	
2858 6159 16 7973_at_x11 114235	
2859 6154 16 7978_at_x11 125271	
2860 6152 16 7980_at_x08 126998	
2861 6152 16 7980_at_x07 127004	
2862 6151 16 7981_at_x14 128687	
2863 6151 16 7981_at_x12 128711	
2864 6151 16 7981_at_x11 128717	
2865 6120 16 7968_at_x04 182953	
2866 6110 16 7932_at_x02 199880	
2867 6107 16 7935_at_x02 207356	
2868 6091 16 7906_at_x03 239627	
2869 6085 16 7912_at_x09 252113	
2870 6085 16 7912_at_x08 252119	
2871 6083 16 7914_at_x01 256358	
2872 6079 16 7918_at_x13 266023	
2873 6074 16 7923_at_x15 275840	
2874 6071 16 7881_at_x04 280629	
2875 6050 16 7857_at_x00 318068	
2876 6040 16 7866_at_x01 336013	
2876 6041 16 7866_at_x01 336013	
2877 6022 16 7840_at_x15 368086	
2878 6022 16 7840_at_x06 368296	
2879 6012 16 2532_g_at_x07 387239	
2881 5998 16 7818_at_x01 420441	
2882 5992 16 7824_at_x15 428612	
2883 5991 16 7825_at_x10 428900	
2884 5991 16 7825_at_x01 429182	
2885 5991 16 7825_at_x00 429188	
2900 5983 16 7833_at_x15 453436	
2901 5983 16 7833_at_x14 453442	
2902 5982 16 7788_at_x06 454307	
2903 5976 16 7794_at_x09 462646	
2904 5962 16 7808_at_x12 486637	
2905 5962 16 7808_at_x11 486643	
2906 5961 16 7808_at_x02 486787	
2906 5962 16 7808_at_x02 486787	
2907 5959 16 7766_at_x08 489143	
2908 5958 16 7767_at_x07 492351	
2909 5957 16 7768_at_x15 495156	
2910 5956 16 7769_at_x05 497425	
2911 5954 16 7771_at_x10 500342	
2912 5954 16 7771_at_x11 500348	
2913 5954 16 7771_at_x12 500354	
2914 5948 16 7777_at_x07 511400	
2915 5948 16 7777_at_x08 511406	
2916 5943 16 2565_s_at_x02 523450	
2917 5939 16 7786_at_x15 533282	
2918 5936 16 7744_at_x09 535973	
2919 5936 16 7744_at_x08 535979	
2920 5934 16 7746_at_x08 542295	
2921 5934 16 7746_at_x06 542307	
2922 5933 16 2492_f_at_x04 547618	
2923 5928 16 7752_at_x07 555416	
2924 6228 16 7722_at_x06 590622	
2925 6235 16 7728_at_x15 600658	
2926 6235 16 7728_at_x14 600664	
2927 6236 16 7729_at_x12 604010	
2928 6240 16 7733_at_x00 618575	
2929 6240 16 7733_at_x01 618581	
2930 6241 16 7734_at_x11 620596	
2931 6290 16 7695_at_x13 695782	
2933 6297 16 7658_at_x09 704388	
2934 6302 16 7663_at_x13 711614	
2934 6303 16 7663_at_x13 711614	
2940 6326 16 7643_at_x08 748158	
2941 6339 16 7610_at_x10 787283	
2945 6362 16 7589_at_x13 825431	
2946 6392 16 7573_at_x12 890898	
2947 6392 16 7573_at_x13 890904	
2948 6397 16 7578_at_x03 896709	
2949 6398 16 7579_at_x09 897526	
2953 6413 16 7548_at_x01 932310	
2954 6413 16 7548_at_x14 932535	
2955 6413 16 7548_at_x15 932538	
