79
79
79
79
79
79
79
79
79
79
79
79
79
78
78
78
78
78
78
78
78
78
78
78
77
77
77
77
77
77
77
77
77
77
77
75
69
69
66
64
64
64
64
64
61
59
59
57
57
57
45
32
31
11
10
10
9
5
6
5
6
81
93
93
94
95
97
97
97
97
97
97
97
97
99
100
102
102
102
102
102
102
102
102
102
102
104
104
115
115
230
213
204
203
197
164
164
164
162
157
157
153
152
152
152
144
141
140
140
139
139
138
138
135
135
131
130
128
128
127
125
125
125
244
244
247
247
247
271
276
284
293
297
302
304
305
306
308
310
310
312
312
312
313
316
318
318
322
323
329
329
330
334
336
336
336
336
336
336
365
365
367
369
370
372
378
379
379
383
383
383
383
384
385
386
386
387
387
387
389
391
391
394
401
403
408
408
410
411
413
413
414
416
420
422
423
424
424
434
436
441
442
445
447
447
447
448
448
451
456
457
467
467
470
470
473
474
474
476
477
477
477
478
498
509
509
513
517
521
522
522
524
525
527
528
533
534
612
596
596
588
581
574
571
572
569
569
569
569
569
569
569
569
569
569
569
569
569
566
563
654
654
654
655
666
666
671
672
685
691
691
699
699
701
705
706
705
706
720
998
990
982
983
981
981
981
981
981
981
981
981
981
981
981
981
981
981
974
975
974
975
971
970
969
968
968
966
965
965
965
964
964
961
958
958
957
957
954
950
948
947
943
931
930
928
928
928
927
922
922
922
918
916
915
915
905
902
903
902
903
900
901
900
901
900
899
898
897
893
889
885
885
883
881
867
865
864
859
858
851
851
850
849
848
847
844
841
836
832
755
756
754
753
753
750
748
748
747
747
1005
1014
1014
1019
1038
1038
1044
1044
1044
1044
1044
1044
1044
1044
1044
1044
1044
1044
1044
1044
1044
1044
1055
1064
1065
1066
1070
1072
1072
1072
1072
1140
1142
1146
1151
1151
1171
1185
1188
1200
1214
1238
1239
1240
1241
1241
1243
1259
1259
1260
1260
1267
1297
1298
1326
1327
1330
1345
1361
1364
1366
1378
1396
1396
1414
1415
1418
1422
1433
1436
1438
1454
1454
1483
1487
1488
1494
1509
1510
1510
1516
1516
1518
1521
1522
1526
1526
1527
1528
1528
1528
1528
1528
1528
1535
1537
1542
1543
1542
1543
1544
1546
1547
1550
1551
1553
1553
1554
1560
1648
1648
1648
1648
1648
1648
1648
1648
1647
1644
1641
1641
1638
1637
1637
1633
1631
1631
1630
1630
1630
1630
1628
1627
1627
1627
1614
1610
1610
1597
1592
1590
1590
1590
1590
1590
1590
1590
1590
1590
1590
1660
1660
1668
1674
1674
1673
1673
1675
1675
1675
1677
1677
1677
1677
1678
1681
1683
1688
1690
1690
1692
1692
1697
1698
1703
1704
1704
1704
1704
1704
1706
1706
1706
1706
1742
1748
1748
1748
1756
1758
1759
1769
1790
1804
1807
1821
1830
1836
1837
1842
1842
1846
1850
1853
1853
1853
1856
1861
1864
1866
1867
1867
1868
1868
1871
1871
1871
1871
1871
1871
1871
1871
1871
1871
1871
1871
1871
1871
1871
1944
1944
1937
1937
1936
1936
1936
1932
1931
1931
1930
1928
1926
1926
1926
1925
1925
1925
1924
1919
1914
1914
1912
1910
1909
1908
1907
1906
1906
1899
1899
1899
1899
1895
1892
1879
1879
1950
1952
1953
1957
1960
1961
1961
1961
1964
1964
1964
1965
1966
1966
1976
1976
1976
1977
1978
1987
1987
1987
1990
1992
1992
1995
1996
1997
1998
2000
2007
2007
2007
2010
2290
2284
2284
2283
2283
2283
2282
2281
2281
2280
2268
2261
2262
2261
2262
2254
2251
2252
2252
2241
2242
2236
2236
2233
2233
2233
2232
2231
2230
2229
2226
2222
2222
2220
2220
2220
2220
2220
2220
2220
2220
2220
2220
2218
2218
2217
2217
2202
2203
2201
2198
2196
2194
2194
2193
2193
2192
2193
2189
2185
2159
2136
2135
2128
2126
2093
2094
2078
2078
2078
2078
2078
2078
2078
2078
2078
2078
2078
2078
2078
2078
2077
2077
2077
2077
2077
2077
2076
2076
2076
2076
2076
2076
2076
2073
2071
2070
2063
2062
2060
2060
2058
2049
2050
2045
2043
2042
2028
2292
2292
2293
2296
2302
2307
2312
2313
2313
2318
2322
2322
2325
2325
2341
2358
2378
2394
2394
2394
2399
2439
2439
2440
2441
2442
2443
2443
2443
2448
2449
2449
2460
2471
2471
2473
2474
2476
2476
2476
2476
2482
2482
2483
2486
2487
2492
2499
2500
2501
2501
2501
2503
2503
2514
2514
2514
2517
2519
2519
2522
2522
2522
2524
2525
2525
2539
2543
2571
2573
2576
2579
2581
2582
2582
2583
2588
2588
2588
2588
2588
2588
2588
2588
2588
2588
2588
2588
2588
2588
2647
2647
2647
2647
2647
2647
2647
2647
2647
2647
2647
2647
2647
2647
2647
2647
2647
2647
2647
2647
2647
2647
2647
2646
2646
2646
2646
2646
2646
2646
2646
2646
2646
2646
2646
2646
2642
2642
2642
2642
2641
2639
2638
2626
2625
2618
2618
2612
2611
2607
2607
2607
2604
2603
2603
2603
2602
2602
2602
2600
2662
2663
2667
2667
2667
2669
2673
2673
2673
2673
2674
2673
2674
2674
2674
2675
2675
2675
2675
2675
2675
2679
2686
2686
2687
2692
2692
2694
2694
2697
2705
2705
2709
2717
2719
2757
2761
2761
2766
2777
2811
2811
2811
2811
2817
2831
2834
2834
2835
2844
2877
2879
2880
2880
2880
2880
2880
3074
3074
3074
3074
3074
3074
3069
3068
3068
3068
3065
3062
3062
3061
3061
3060
3052
3052
3050
3048
3047
3046
3046
3046
3044
3041
3040
3034
3034
3034
3034
3032
3022
3022
3022
3020
3018
3012
2991
2991
2991
2990
2988
2988
2987
2985
2979
2964
2962
2961
2959
2957
2958
2954
2954
2952
2949
2948
2942
2940
2937
2934
2931
2926
2919
2919
2909
2904
2904
2902
3084
3084
3087
3088
3102
3105
3106
3109
3111
3111
3113
3118
3119
3120
3120
3126
3129
3129
3129
3129
3129
3129
3129
3129
3129
3129
3129
3130
3130
3130
3130
3130
3130
3130
3130
3130
3130
3130
3358
3358
3358
3358
3358
3358
3358
3358
3358
3358
3358
3358
3358
3358
3358
3357
3357
3357
3357
3357
3357
3357
3357
3357
3357
3357
3357
3357
3357
3356
3356
3356
3356
3356
3356
3355
3355
3354
3352
3352
3351
3349
3348
3347
3344
3340
3339
3338
3337
3336
3334
3335
3327
3326
3326
3323
3322
3322
3322
3322
3321
3319
3318
3313
3313
3311
3311
3311
3310
3310
3304
3304
3303
3298
3297
3295
3293
3291
3291
3288
3280
3281
3280
3279
3279
3270
3262
3262
3255
3256
3255
3248
3246
3231
3229
3210
3197
3195
3195
3194
3194
3191
3188
3187
3185
3183
3182
3176
3172
3167
3166
3166
3163
3163
3158
3158
3156
3144
3144
3144
3138
3370
3370
3372
3372
3372
3372
3378
3381
3386
3386
3389
3389
3395
3397
3398
3399
3398
3399
3400
3402
3402
3403
3403
3403
3403
3403
3415
3416
3417
3418
3419
3430
3432
3433
3433
3434
3435
3435
3436
3436
3438
3440
3441
3441
3441
3442
3443
3445
3445
3448
3449
3449
3453
3454
3455
3459
3465
3469
3469
3470
3470
3482
3506
3509
3509
3510
3514
3514
3757
3752
3750
3748
3746
3741
3740
3726
3722
3722
3722
3717
3717
3715
3710
3711
3707
3706
3704
3701
3696
3695
3695
3693
3691
3678
3672
3662
3663
3656
3655
3654
3655
3654
3655
3653
3653
3650
3649
3650
3649
3650
3648
3647
3646
3641
3641
3639
3637
3632
3632
3632
3627
3623
3621
3620
3619
3602
3597
3595
3573
3556
3557
3556
3557
3556
3557
3554
3554
3553
3553
3553
3552
3552
3551
3549
3549
3549
3548
3548
3543
3536
3761
3779
3781
3792
3792
3793
3794
3801
3808
3808
3809
3811
3811
3815
3815
3815
3817
3817
3823
3828
3832
3832
3836
3837
3840
3840
3842
3848
3849
3849
3849
3849
3849
3852
3852
3853
3853
3854
3855
3859
3859
3859
3859
3859
3859
3859
3859
3859
3859
3859
3859
3859
3859
3859
3859
3859
3859
3859
3859
3859
3859
3859
3859
3859
3859
3859
3859
3859
3859
3859
3859
3859
3859
3859
3859
3859
3859
3859
3859
3859
3859
3860
3860
3860
3860
3860
3860
3860
3860
3860
3860
3860
3860
3860
3860
3860
3860
3860
3860
3860
3860
3860
3860
3860
3860
3860
3860
3860
3860
3860
3860
3860
3860
3860
3861
3861
3861
3861
3861
3861
3861
3861
3861
3861
3861
3861
3861
3861
3936
3934
3934
3932
3931
3927
3917
3917
3916
3916
3916
3916
3916
3915
3915
3914
3912
3912
3905
3901
3899
3895
3894
3893
3892
3888
3885
3879
3968
3969
3976
3988
3988
3989
3993
3994
3994
3995
3996
3998
3999
4001
4001
4005
4006
4012
4012
4016
4016
4022
4024
4024
4030
4030
4032
4034
4035
4054
4058
4059
4059
4064
4083
4084
4099
4099
4099
4099
4099
4099
4099
4099
4100
4100
4100
4100
4100
4100
4100
4100
4100
4100
4113
4113
4114
4116
4116
4118
4120
4120
4124
4125
4149
4149
4149
4150
4158
4167
4175
4176
4179
4180
4179
4180
4180
4180
4192
4196
4197
4197
4201
4202
4205
4206
4208
4208
4211
4213
4215
4217
4217
4219
4219
4220
4220
4220
4223
4226
4227
4228
4228
4228
4229
4228
4229
4228
4229
4231
4231
4232
4235
4235
4235
4239
4241
4241
4242
4250
4253
4253
4255
4255
4258
4259
4260
4260
4261
4262
4262
4265
4267
4269
4270
4274
4282
4289
4289
4290
4290
4290
4290
4290
4290
4290
4295
4298
4299
4299
4310
4313
4314
4314
4315
4317
4324
4324
4330
4330
4338
4338
4343
4346
4346
4348
4348
4352
4366
4366
4366
4366
4366
4367
4370
4370
4370
4370
4375
4377
4379
4380
4384
4387
4392
4393
4394
4393
4394
4399
4399
4399
4402
4403
4405
4405
4407
4407
4410
4410
4410
4410
4410
4410
4410
4414
4415
4416
4414
4415
4416
4414
4415
4416
4414
4415
4416
4414
4415
4416
4414
4415
4416
4414
4415
4416
4414
4415
4416
4414
4415
4416
4555
4554
4554
4554
4552
4552
4541
4539
4536
4535
4535
4529
4528
4527
4527
4521
4519
4520
4518
4516
4514
4514
4514
4514
4514
4513
4508
4508
4501
4500
4500
4490
4486
4483
4483
4483
4483
4483
4475
4473
4472
4468
4466
4461
4461
4452
4451
4447
4447
4446
4445
4445
4445
4445
4445
4443
4442
4442
4442
4442
4442
4433
4433
4429
4429
4427
4570
4570
4572
4577
4577
4582
4597
4619
4619
4619
4625
4625
4627
4629
4633
4634
4637
4649
4652
4656
4658
4680
4681
4681
4683
4684
4688
4688
4688
4688
4688
4688
4689
4689
4689
4689
4690
4690
4694
4703
4717
4717
4717
4717
4723
4724
4724
4727
4732
4734
4734
4734
4743
4743
4769
4769
4788
4794
4795
4803
4808
4839
4839
4858
4866
4866
4867
4869
4869
4873
4873
4889
4889
4899
4901
4902
4902
4902
4902
4909
4909
4909
4909
4909
4911
5251
5247
5247
5246
5244
5243
5240
5240
5240
5239
5236
5237
5236
5237
5222
5203
5198
5196
5172
5171
5155
5153
5145
5146
5138
5133
5133
5132
5122
5118
5116
5116
5109
5090
5090
5075
5059
5055
5052
5041
5041
5036
5032
5031
5027
4991
4982
4982
4967
4963
4958
4957
4954
4952
4951
4951
4946
4944
4943
4937
4937
4927
4924
5270
5291
5292
5292
5293
5293
5296
5297
5301
5302
5304
5304
5304
5310
5316
5316
5517
5517
5517
5517
5515
5515
5515
5515
5515
5515
5515
5515
5515
5515
5515
5515
5515
5515
5515
5515
5515
5515
5515
5515
5515
5515
5515
5515
5514
5514
5514
5514
5514
5514
5514
5514
5514
5514
5513
5513
5513
5513
5513
5513
5513
5513
5513
5513
5513
5513
5513
5509
5509
5503
5500
5501
5500
5501
5500
5501
5500
5501
5500
5501
5500
5501
5500
5501
5497
5497
5493
5490
5480
5473
5473
5473
5468
5468
5467
5463
5463
5463
5463
5463
5461
5456
5456
5456
5456
5456
5456
5454
5449
5450
5450
5444
5444
5444
5443
5442
5439
5438
5438
5430
5430
5430
5430
5430
5430
5429
5422
5416
5414
5413
5411
5407
5391
5374
5373
5372
5372
5371
5368
5362
5362
5359
5359
5359
5523
5532
5532
5538
5544
5545
5546
5546
5548
5548
5548
5548
5548
5552
5559
5559
5562
5563
5567
5569
5570
5570
5571
5573
5578
5578
5582
5583
5591
5591
5595
5595
5595
5596
5599
5603
5606
5606
5607
5606
5607
5606
5607
5606
5607
5606
5607
5606
5607
5606
5607
5608
5609
5609
5609
5611
5620
5620
5621
5622
5625
5625
5634
5636
5639
5640
5646
5650
5650
5654
5655
5655
5658
5659
5658
5659
5659
5659
5661
5663
5672
5677
5677
5705
5705
5715
5735
5754
5767
5768
5771
5771
5773
5776
5783
5784
5794
5801
5811
5811
5811
5811
5812
5821
5821
5827
5849
5852
5857
5866
5894
5894
5894
5908
5908
5912
6183
6183
6174
6174
6171
6170
6165
6166
6163
6162
6162
6161
6159
6159
6154
6152
6152
6151
6151
6151
6120
6110
6107
6091
6085
6085
6083
6079
6074
6071
6050
6040
6041
6022
6022
6012
5998
5992
5991
5991
5991
5983
5983
5982
5976
5962
5962
5961
5962
5959
5958
5957
5956
5954
5954
5954
5948
5948
5943
5939
5936
5936
5934
5934
5933
5928
6228
6235
6235
6236
6240
6240
6241
6290
6297
6302
6303
6326
6339
6362
6392
6392
6397
6398
6413
6413
6413
